startDateTime,endDateTime,tempSingleMean,tempSingleMinimum,tempSingleMaximum,tempSingleVariance,tempSingleNumPts,tempSingleExpUncert,tempSingleStdErMean,finalQF
"2022-03-01T00:00:00Z","2022-03-01T00:30:00Z",-0.6218,-1.2258,-0.0265,0.0672,1800.0000,0.1373,0.0061,0
"2022-03-01T00:30:00Z","2022-03-01T01:00:00Z",-0.7565,-1.4475,-0.1398,0.0970,1800.0000,0.1375,0.0073,0
"2022-03-01T01:00:00Z","2022-03-01T01:30:00Z",-1.3610,-2.0267,-0.8117,0.0580,1800.0000,0.1369,0.0057,0
"2022-03-01T01:30:00Z","2022-03-01T02:00:00Z",-2.2408,-3.7140,-0.8529,0.6974,1800.0000,0.1420,0.0197,0
"2022-03-01T02:00:00Z","2022-03-01T02:30:00Z",-2.7035,-4.0378,-1.1963,0.6517,1800.0000,0.1415,0.0190,0
"2022-03-01T02:30:00Z","2022-03-01T03:00:00Z",-2.1779,-3.7548,-0.6547,0.4375,1800.0000,0.1400,0.0156,0
"2022-03-01T03:00:00Z","2022-03-01T03:30:00Z",-2.9436,-4.1120,-0.9333,0.4509,1800.0000,0.1400,0.0158,0
"2022-03-01T03:30:00Z","2022-03-01T04:00:00Z",-3.7492,-4.8370,-2.2721,0.3773,1800.0000,0.1388,0.0145,0
"2022-03-01T04:00:00Z","2022-03-01T04:30:00Z",-5.4364,-5.9849,-4.8476,0.0844,1800.0000,0.1354,0.0068,0
"2022-03-01T04:30:00Z","2022-03-01T05:00:00Z",-5.9041,-6.3818,-5.1978,0.0943,1800.0000,0.1353,0.0072,0
"2022-03-01T05:00:00Z","2022-03-01T05:30:00Z",-4.8795,-6.2618,-2.0895,1.0404,1800.0000,0.1441,0.0240,0
"2022-03-01T05:30:00Z","2022-03-01T06:00:00Z",-4.4682,-5.5001,-2.4137,0.5000,1800.0000,0.1398,0.0167,0
"2022-03-01T06:00:00Z","2022-03-01T06:30:00Z",-4.7633,-5.6002,-1.7310,0.8903,1800.0000,0.1431,0.0222,0
"2022-03-01T06:30:00Z","2022-03-01T07:00:00Z",0.4760,-1.9891,2.0058,0.4053,1800.0000,0.1408,0.0150,0
"2022-03-01T07:00:00Z","2022-03-01T07:30:00Z",0.9861,-0.2848,1.9919,0.2380,1800.0000,0.1395,0.0115,0
"2022-03-01T07:30:00Z","2022-03-01T08:00:00Z",1.1225,-0.3846,2.6824,0.3854,1800.0000,0.1410,0.0146,0
"2022-03-01T08:00:00Z","2022-03-01T08:30:00Z",1.1997,-0.2204,2.6672,0.4475,1800.0000,0.1414,0.0158,0
"2022-03-01T08:30:00Z","2022-03-01T09:00:00Z",1.5921,-0.2567,3.1775,0.9005,1800.0000,0.1452,0.0224,0
"2022-03-01T09:00:00Z","2022-03-01T09:30:00Z",1.8360,0.1727,3.4090,0.5818,1800.0000,0.1428,0.0180,0
"2022-03-01T09:30:00Z","2022-03-01T10:00:00Z",0.9698,-1.2549,3.1378,1.2592,1800.0000,0.1479,0.0264,0
"2022-03-01T10:00:00Z","2022-03-01T10:30:00Z",-2.1342,-3.4313,-0.3778,0.6506,1800.0000,0.1418,0.0190,0
"2022-03-01T10:30:00Z","2022-03-01T11:00:00Z",-3.9905,-4.6290,-3.0379,0.1337,1800.0000,0.1366,0.0086,0
"2022-03-01T11:00:00Z","2022-03-01T11:30:00Z",-2.2228,-4.6420,-0.0875,1.3900,1800.0000,0.1476,0.0278,0
"2022-03-01T11:30:00Z","2022-03-01T12:00:00Z",-0.6427,-2.6081,0.4176,0.2520,1800.0000,0.1390,0.0118,0
"2022-03-01T12:00:00Z","2022-03-01T12:30:00Z",-1.0314,-2.5973,0.8585,0.8597,1800.0000,0.1439,0.0219,0
"2022-03-01T12:30:00Z","2022-03-01T13:00:00Z",-0.3579,-1.5190,1.2619,0.7185,1800.0000,0.1430,0.0200,0
"2022-03-01T13:00:00Z","2022-03-01T13:30:00Z",0.6661,-0.7479,1.4658,0.2067,1800.0000,0.1390,0.0107,0
"2022-03-01T13:30:00Z","2022-03-01T14:00:00Z",-0.0841,-1.0293,1.2813,0.3167,1800.0000,0.1398,0.0133,0
"2022-03-01T14:00:00Z","2022-03-01T14:30:00Z",-0.7683,-1.1179,-0.1387,0.0418,1800.0000,0.1370,0.0048,0
"2022-03-01T14:30:00Z","2022-03-01T15:00:00Z",0.1417,-0.7169,3.0207,0.8646,1800.0000,0.1448,0.0219,0
"2022-03-01T15:00:00Z","2022-03-01T15:30:00Z",3.2782,2.2167,4.5520,0.2259,1800.0000,0.1405,0.0112,0
"2022-03-01T15:30:00Z","2022-03-01T16:00:00Z",3.5944,2.4401,4.6600,0.2446,1800.0000,0.1407,0.0117,0
"2022-03-01T16:00:00Z","2022-03-01T16:30:00Z",4.2984,3.2294,5.4345,0.2038,1800.0000,0.1407,0.0106,0
"2022-03-01T16:30:00Z","2022-03-01T17:00:00Z",5.0029,4.1408,6.0009,0.1328,1800.0000,0.1403,0.0086,0
"2022-03-01T17:00:00Z","2022-03-01T17:30:00Z",5.1995,4.5414,5.9156,0.0866,1800.0000,0.1399,0.0069,0
"2022-03-01T17:30:00Z","2022-03-01T18:00:00Z",5.2139,4.3025,6.7808,0.2658,1321.0000,0.1425,0.0142,1
"2022-03-01T18:00:00Z","2022-03-01T18:30:00Z",6.0472,4.8860,7.3809,0.2888,1800.0000,0.1421,0.0127,0
"2022-03-01T18:30:00Z","2022-03-01T19:00:00Z",6.2683,5.0455,7.5993,0.3324,1800.0000,0.1426,0.0136,0
"2022-03-01T19:00:00Z","2022-03-01T19:30:00Z",5.7658,4.1160,7.2077,0.4370,1800.0000,0.1432,0.0156,0
"2022-03-01T19:30:00Z","2022-03-01T20:00:00Z",5.7716,4.9411,6.7413,0.1020,1800.0000,0.1404,0.0075,0
"2022-03-01T20:00:00Z","2022-03-01T20:30:00Z",5.6706,4.0065,6.8141,0.2652,1800.0000,0.1417,0.0121,0
"2022-03-01T20:30:00Z","2022-03-01T21:00:00Z",5.0866,3.8949,5.6867,0.0926,1800.0000,0.1399,0.0072,0
"2022-03-01T21:00:00Z","2022-03-01T21:30:00Z",5.2225,3.8140,6.9817,0.3563,1800.0000,0.1425,0.0141,0
"2022-03-01T21:30:00Z","2022-03-01T22:00:00Z",5.4261,4.1324,6.6697,0.2106,1800.0000,0.1412,0.0108,0
"2022-03-01T22:00:00Z","2022-03-01T22:30:00Z",4.5655,3.8013,5.7731,0.1295,1800.0000,0.1402,0.0085,0
"2022-03-01T22:30:00Z","2022-03-01T23:00:00Z",4.4651,3.2459,5.7063,0.1743,1800.0000,0.1405,0.0098,0
"2022-03-01T23:00:00Z","2022-03-01T23:30:00Z",4.0873,2.9468,5.0490,0.1181,1800.0000,0.1398,0.0081,0
"2022-03-01T23:30:00Z","2022-03-02T00:00:00Z",3.4279,2.6309,4.6264,0.1163,1800.0000,0.1396,0.0080,0
"2022-03-02T00:00:00Z","2022-03-02T00:30:00Z",2.7714,1.7026,4.0165,0.1527,1800.0000,0.1397,0.0092,0
"2022-03-02T00:30:00Z","2022-03-02T01:00:00Z",1.2466,0.6336,1.9002,0.0666,1800.0000,0.1381,0.0061,0
"2022-03-02T01:00:00Z","2022-03-02T01:30:00Z",0.7083,0.0366,1.4289,0.1188,1800.0000,0.1383,0.0081,0
"2022-03-02T01:30:00Z","2022-03-02T02:00:00Z",0.4781,-0.0465,1.8656,0.2177,1800.0000,0.1393,0.0110,0
"2022-03-02T02:00:00Z","2022-03-02T02:30:00Z",0.2757,-0.4675,0.8409,0.0865,1800.0000,0.1378,0.0069,0
"2022-03-02T02:30:00Z","2022-03-02T03:00:00Z",-0.0358,-0.7760,1.7248,0.6273,1800.0000,0.1425,0.0187,0
"2022-03-02T03:00:00Z","2022-03-02T03:30:00Z",0.1863,-0.6939,1.2491,0.2884,1800.0000,0.1396,0.0127,0
"2022-03-02T03:30:00Z","2022-03-02T04:00:00Z",-1.1195,-1.4052,-0.4502,0.0604,1800.0000,0.1370,0.0058,0
"2022-03-02T04:00:00Z","2022-03-02T04:30:00Z",-0.4408,-1.0217,0.8713,0.1343,1800.0000,0.1382,0.0086,0
"2022-03-02T04:30:00Z","2022-03-02T05:00:00Z",-0.3245,-1.0365,1.8443,0.7826,1800.0000,0.1437,0.0209,0
"2022-03-02T05:00:00Z","2022-03-02T05:30:00Z",-0.1435,-0.6232,1.1803,0.2089,1800.0000,0.1389,0.0108,0
"2022-03-02T05:30:00Z","2022-03-02T06:00:00Z",-0.0004,-0.6228,2.0661,0.2935,1800.0000,0.1400,0.0128,0
"2022-03-02T06:00:00Z","2022-03-02T06:30:00Z",-0.0115,-0.8949,1.0447,0.2736,1800.0000,0.1394,0.0123,0
"2022-03-02T06:30:00Z","2022-03-02T07:00:00Z",-1.0308,-1.6142,-0.3728,0.1147,1800.0000,0.1375,0.0080,0
"2022-03-02T07:00:00Z","2022-03-02T07:30:00Z",-1.9096,-2.2805,-1.4922,0.0657,1800.0000,0.1367,0.0060,0
"2022-03-02T07:30:00Z","2022-03-02T08:00:00Z",-2.6167,-2.7905,-2.1874,0.0272,1800.0000,0.1360,0.0039,0
"2022-03-02T08:00:00Z","2022-03-02T08:30:00Z",-2.9152,-3.4110,-2.5451,0.0617,1800.0000,0.1362,0.0059,0
"2022-03-02T08:30:00Z","2022-03-02T09:00:00Z",-3.1859,-3.5520,-2.2478,0.1119,1800.0000,0.1367,0.0079,0
"2022-03-02T09:00:00Z","2022-03-02T09:30:00Z",-2.4793,-3.0438,-1.6961,0.1802,1800.0000,0.1375,0.0100,0
"2022-03-02T09:30:00Z","2022-03-02T10:00:00Z",-2.9102,-3.1602,-2.1959,0.0150,1800.0000,0.1359,0.0029,0
"2022-03-02T10:00:00Z","2022-03-02T10:30:00Z",-2.9132,-3.3141,-1.2969,0.1631,1800.0000,0.1375,0.0095,0
"2022-03-02T10:30:00Z","2022-03-02T11:00:00Z",-3.1004,-3.2856,-2.7888,0.0111,1800.0000,0.1357,0.0025,0
"2022-03-02T11:00:00Z","2022-03-02T11:30:00Z",-3.3139,-3.5228,-3.0222,0.0137,1800.0000,0.1356,0.0028,0
"2022-03-02T11:30:00Z","2022-03-02T12:00:00Z",-3.2729,-3.5492,-2.7168,0.0448,1800.0000,0.1360,0.0050,0
"2022-03-02T12:00:00Z","2022-03-02T12:30:00Z",-3.1989,-3.7457,-2.7239,0.0840,1800.0000,0.1363,0.0068,0
"2022-03-02T12:30:00Z","2022-03-02T13:00:00Z",-3.4041,-3.9392,-2.4940,0.2028,1800.0000,0.1373,0.0106,0
"2022-03-02T13:00:00Z","2022-03-02T13:30:00Z",-3.5587,-3.9523,-3.1198,0.0410,1800.0000,0.1358,0.0048,0
"2022-03-02T13:30:00Z","2022-03-02T14:00:00Z",-3.0588,-3.9011,-2.0310,0.2482,1800.0000,0.1379,0.0117,0
"2022-03-02T14:00:00Z","2022-03-02T14:30:00Z",-3.5052,-3.8682,-3.0685,0.0381,1800.0000,0.1358,0.0046,0
"2022-03-02T14:30:00Z","2022-03-02T15:00:00Z",-3.1363,-3.5169,-2.7242,0.0309,1800.0000,0.1359,0.0041,0
"2022-03-02T15:00:00Z","2022-03-02T15:30:00Z",-2.7870,-3.2243,-2.2174,0.0594,1800.0000,0.1363,0.0057,0
"2022-03-02T15:30:00Z","2022-03-02T16:00:00Z",-0.5193,-2.2169,2.1750,0.9571,1800.0000,0.1452,0.0231,0
"2022-03-02T16:00:00Z","2022-03-02T16:30:00Z",1.2984,0.3731,1.9993,0.1134,1800.0000,0.1385,0.0079,0
"2022-03-02T16:30:00Z","2022-03-02T17:00:00Z",2.0765,1.1010,3.8500,0.5370,1800.0000,0.1426,0.0173,0
"2022-03-02T17:00:00Z","2022-03-02T17:30:00Z",3.3436,2.3558,4.8434,0.2773,1800.0000,0.1410,0.0124,0
"2022-03-02T17:30:00Z","2022-03-02T18:00:00Z",3.0198,1.9103,4.4313,0.4353,1800.0000,0.1421,0.0156,0
"2022-03-02T18:00:00Z","2022-03-02T18:30:00Z",4.9453,3.7876,6.5665,0.3418,1800.0000,0.1422,0.0138,0
"2022-03-02T18:30:00Z","2022-03-02T19:00:00Z",5.3449,3.8626,6.9902,0.4711,1800.0000,0.1434,0.0162,0
"2022-03-02T19:00:00Z","2022-03-02T19:30:00Z",5.5914,4.3722,7.3987,0.3574,1800.0000,0.1427,0.0141,0
"2022-03-02T19:30:00Z","2022-03-02T20:00:00Z",5.3947,4.3036,6.8643,0.2538,1800.0000,0.1417,0.0119,0
"2022-03-02T20:00:00Z","2022-03-02T20:30:00Z",5.3752,4.2168,7.0431,0.2948,1800.0000,0.1421,0.0128,0
"2022-03-02T20:30:00Z","2022-03-02T21:00:00Z",6.8896,4.9832,8.0992,0.3077,1800.0000,0.1426,0.0131,0
"2022-03-02T21:00:00Z","2022-03-02T21:30:00Z",5.8144,4.2191,7.3417,0.5322,1800.0000,0.1440,0.0172,0
"2022-03-02T21:30:00Z","2022-03-02T22:00:00Z",5.9290,3.9495,7.5511,0.4687,1800.0000,0.1436,0.0161,0
"2022-03-02T22:00:00Z","2022-03-02T22:30:00Z",5.8141,4.3120,7.9347,0.4195,1800.0000,0.1434,0.0153,0
"2022-03-02T22:30:00Z","2022-03-02T23:00:00Z",5.3406,4.2544,6.3835,0.1809,1800.0000,0.1409,0.0100,0
"2022-03-02T23:00:00Z","2022-03-02T23:30:00Z",5.1329,3.6878,6.2226,0.2698,1800.0000,0.1415,0.0122,0
"2022-03-02T23:30:00Z","2022-03-03T00:00:00Z",4.2477,2.8752,5.3222,0.3081,1800.0000,0.1414,0.0131,0
"2022-03-03T00:00:00Z","2022-03-03T00:30:00Z",3.3366,2.2297,4.8179,0.4454,1800.0000,0.1423,0.0157,0
"2022-03-03T00:30:00Z","2022-03-03T01:00:00Z",4.0199,2.4671,5.6870,0.3078,1800.0000,0.1416,0.0131,0
"2022-03-03T01:00:00Z","2022-03-03T01:30:00Z",4.5587,3.2973,5.6109,0.1152,1800.0000,0.1400,0.0080,0
"2022-03-03T01:30:00Z","2022-03-03T02:00:00Z",4.3617,3.2545,5.1436,0.1861,1800.0000,0.1404,0.0102,0
"2022-03-03T02:00:00Z","2022-03-03T02:30:00Z",3.6968,2.6608,5.0434,0.3562,1800.0000,0.1417,0.0141,0
"2022-03-03T02:30:00Z","2022-03-03T03:00:00Z",3.6163,2.8600,4.6317,0.2010,1800.0000,0.1403,0.0106,0
"2022-03-03T03:00:00Z","2022-03-03T03:30:00Z",3.4991,2.4469,4.7813,0.2325,1800.0000,0.1406,0.0114,0
"2022-03-03T03:30:00Z","2022-03-03T04:00:00Z",2.9792,1.6583,4.2202,0.3529,1800.0000,0.1413,0.0140,0
"2022-03-03T04:00:00Z","2022-03-03T04:30:00Z",1.2619,0.7869,2.0021,0.0806,1800.0000,0.1382,0.0067,0
"2022-03-03T04:30:00Z","2022-03-03T05:00:00Z",0.7044,0.2883,1.4681,0.0510,1800.0000,0.1378,0.0053,0
"2022-03-03T05:00:00Z","2022-03-03T05:30:00Z",0.6908,0.0505,1.7355,0.1245,1800.0000,0.1385,0.0083,0
"2022-03-03T05:30:00Z","2022-03-03T06:00:00Z",1.4097,0.5180,3.3617,0.2913,1800.0000,0.1405,0.0127,0
"2022-03-03T06:00:00Z","2022-03-03T06:30:00Z",-0.1656,-0.6608,0.7376,0.1031,1800.0000,0.1379,0.0076,0
"2022-03-03T06:30:00Z","2022-03-03T07:00:00Z",-0.9362,-1.2357,-0.3993,0.0368,1800.0000,0.1369,0.0045,0
"2022-03-03T07:00:00Z","2022-03-03T07:30:00Z",-1.6436,-1.9953,-0.9966,0.0598,1800.0000,0.1368,0.0058,0
"2022-03-03T07:30:00Z","2022-03-03T08:00:00Z",-2.0303,-2.5584,-1.6589,0.0503,1800.0000,0.1365,0.0053,0
"2022-03-03T08:00:00Z","2022-03-03T08:30:00Z",-2.5390,-2.8270,-2.1570,0.0235,1800.0000,0.1360,0.0036,0
"2022-03-03T08:30:00Z","2022-03-03T09:00:00Z",-2.9789,-3.3063,-2.6100,0.0419,1800.0000,0.1360,0.0048,0
"2022-03-03T09:00:00Z","2022-03-03T09:30:00Z",-3.3905,-3.7377,-3.0541,0.0247,1800.0000,0.1357,0.0037,0
"2022-03-03T09:30:00Z","2022-03-03T10:00:00Z",-3.8585,-4.1562,-3.6327,0.0122,1800.0000,0.1353,0.0026,0
"2022-03-03T10:00:00Z","2022-03-03T10:30:00Z",-4.2410,-4.5025,-4.0106,0.0157,1800.0000,0.1352,0.0030,0
"2022-03-03T10:30:00Z","2022-03-03T11:00:00Z",-4.5337,-4.7174,-4.3770,0.0067,1800.0000,0.1350,0.0019,0
"2022-03-03T11:00:00Z","2022-03-03T11:30:00Z",-4.6946,-5.0078,-4.4176,0.0221,1800.0000,0.1351,0.0035,0
"2022-03-03T11:30:00Z","2022-03-03T12:00:00Z",-4.6798,-5.0491,-4.2420,0.0378,1800.0000,0.1353,0.0046,0
"2022-03-03T12:00:00Z","2022-03-03T12:30:00Z",-4.7081,-4.9529,-4.3666,0.0285,1800.0000,0.1351,0.0040,0
"2022-03-03T12:30:00Z","2022-03-03T13:00:00Z",-4.9852,-5.3738,-4.6680,0.0332,1800.0000,0.1351,0.0043,0
"2022-03-03T13:00:00Z","2022-03-03T13:30:00Z",-5.3694,-5.8113,-5.0343,0.0374,1800.0000,0.1349,0.0046,0
"2022-03-03T13:30:00Z","2022-03-03T14:00:00Z",-5.3752,-5.7616,-4.9723,0.0375,1800.0000,0.1350,0.0046,0
"2022-03-03T14:00:00Z","2022-03-03T14:30:00Z",-5.5311,-5.9305,-4.8413,0.0668,1800.0000,0.1353,0.0061,0
"2022-03-03T14:30:00Z","2022-03-03T15:00:00Z",-5.4153,-5.6734,-5.2139,0.0090,1800.0000,0.1346,0.0022,0
"2022-03-03T15:00:00Z","2022-03-03T15:30:00Z",-5.0897,-5.4511,-4.4888,0.0422,1800.0000,0.1352,0.0048,0
"2022-03-03T15:30:00Z","2022-03-03T16:00:00Z",-4.5258,-4.9796,-3.6409,0.0686,1800.0000,0.1358,0.0062,0
"2022-03-03T16:00:00Z","2022-03-03T16:30:00Z",-3.5258,-4.0407,-3.0917,0.0673,1800.0000,0.1360,0.0061,0
"2022-03-03T16:30:00Z","2022-03-03T17:00:00Z",-2.0934,-3.2280,-0.4367,0.7480,1800.0000,0.1425,0.0204,0
"2022-03-03T17:00:00Z","2022-03-03T17:30:00Z",3.4410,-0.4950,5.8590,2.6448,1800.0000,0.1589,0.0383,0
"2022-03-03T17:30:00Z","2022-03-03T18:00:00Z",5.3803,3.4219,6.8478,0.5466,1800.0000,0.1439,0.0174,0
"2022-03-03T18:00:00Z","2022-03-03T18:30:00Z",5.6071,4.0962,7.8211,0.5748,1800.0000,0.1445,0.0179,0
"2022-03-03T18:30:00Z","2022-03-03T19:00:00Z",5.6715,3.6299,7.3753,0.6740,1800.0000,0.1451,0.0193,0
"2022-03-03T19:00:00Z","2022-03-03T19:30:00Z",6.4809,5.3721,7.8624,0.2839,1800.0000,0.1423,0.0126,0
"2022-03-03T19:30:00Z","2022-03-03T20:00:00Z",6.6115,5.2752,8.2459,0.4100,1800.0000,0.1435,0.0151,0
"2022-03-03T20:00:00Z","2022-03-03T20:30:00Z",7.0163,4.5211,8.8461,1.2885,1800.0000,0.1503,0.0268,0
"2022-03-03T20:30:00Z","2022-03-03T21:00:00Z",7.9543,6.1732,9.1837,0.2699,1800.0000,0.1428,0.0122,0
"2022-03-03T21:00:00Z","2022-03-03T21:30:00Z",7.1224,4.9937,8.3694,0.6693,1800.0000,0.1455,0.0193,0
"2022-03-03T21:30:00Z","2022-03-03T22:00:00Z",7.5593,6.2530,8.8308,0.3734,1800.0000,0.1434,0.0144,0
"2022-03-03T22:00:00Z","2022-03-03T22:30:00Z",6.5142,4.0468,7.9747,0.8166,1800.0000,0.1465,0.0213,0
"2022-03-03T22:30:00Z","2022-03-03T23:00:00Z",6.2755,4.5596,8.0635,0.5491,1800.0000,0.1444,0.0175,0
"2022-03-03T23:00:00Z","2022-03-03T23:30:00Z",4.9513,3.1601,7.0333,1.0141,1800.0000,0.1476,0.0237,0
"2022-03-03T23:30:00Z","2022-03-04T00:00:00Z",2.9382,2.1098,4.5687,0.4245,1800.0000,0.1420,0.0154,0
"2022-03-04T00:00:00Z","2022-03-04T00:30:00Z",1.9530,1.3654,3.7645,0.2119,1800.0000,0.1400,0.0108,0
"2022-03-04T00:30:00Z","2022-03-04T01:00:00Z",1.1654,0.7304,1.3888,0.0212,1800.0000,0.1375,0.0034,0
"2022-03-04T01:00:00Z","2022-03-04T01:30:00Z",0.6673,0.4406,0.9776,0.0112,1800.0000,0.1373,0.0025,0
"2022-03-04T01:30:00Z","2022-03-04T02:00:00Z",0.3430,0.1967,0.4781,0.0057,1800.0000,0.1370,0.0018,0
"2022-03-04T02:00:00Z","2022-03-04T02:30:00Z",-0.0725,-0.2428,0.2762,0.0176,1800.0000,0.1370,0.0031,0
"2022-03-04T02:30:00Z","2022-03-04T03:00:00Z",-0.1066,-0.1830,-0.0292,0.0015,1800.0000,0.1367,0.0009,0
"2022-03-04T03:00:00Z","2022-03-04T03:30:00Z",-0.3880,-0.5903,0.8504,0.0489,1800.0000,0.1375,0.0052,0
"2022-03-04T03:30:00Z","2022-03-04T04:00:00Z",-1.1880,-1.5198,0.0427,0.1115,1800.0000,0.1377,0.0079,0
"2022-03-04T04:00:00Z","2022-03-04T04:30:00Z",-1.5697,-2.0230,-1.3162,0.0220,1800.0000,0.1364,0.0035,0
"2022-03-04T04:30:00Z","2022-03-04T05:00:00Z",-0.8067,-2.1950,3.1116,2.5394,1800.0000,0.1572,0.0376,0
"2022-03-04T05:00:00Z","2022-03-04T05:30:00Z",2.6653,0.8527,4.2407,0.6516,1800.0000,0.1437,0.0190,0
"2022-03-04T05:30:00Z","2022-03-04T06:00:00Z",3.6202,2.2017,4.5158,0.2081,1800.0000,0.1403,0.0108,0
"2022-03-04T06:00:00Z","2022-03-04T06:30:00Z",3.8077,2.8162,4.8107,0.1879,1800.0000,0.1403,0.0102,0
"2022-03-04T06:30:00Z","2022-03-04T07:00:00Z",3.9418,2.9982,4.9928,0.1815,1800.0000,0.1403,0.0100,0
"2022-03-04T07:00:00Z","2022-03-04T07:30:00Z",2.6780,0.7562,4.3721,0.6783,1800.0000,0.1439,0.0194,0
"2022-03-04T07:30:00Z","2022-03-04T08:00:00Z",0.1941,-0.6367,2.3641,0.5460,1800.0000,0.1421,0.0174,0
"2022-03-04T08:00:00Z","2022-03-04T08:30:00Z",0.0552,-0.6929,1.6836,0.2774,1800.0000,0.1397,0.0124,0
"2022-03-04T08:30:00Z","2022-03-04T09:00:00Z",-0.6532,-1.2040,0.1952,0.1053,1800.0000,0.1377,0.0076,0
"2022-03-04T09:00:00Z","2022-03-04T09:30:00Z",-0.2915,-1.4667,1.6276,1.0304,1800.0000,0.1455,0.0239,0
"2022-03-04T09:30:00Z","2022-03-04T10:00:00Z",0.5544,-0.3139,1.5839,0.2838,1800.0000,0.1397,0.0126,0
"2022-03-04T10:00:00Z","2022-03-04T10:30:00Z",0.3041,-0.6100,1.6748,0.4150,1800.0000,0.1408,0.0152,0
"2022-03-04T10:30:00Z","2022-03-04T11:00:00Z",-0.2998,-0.9961,1.3096,0.2517,1800.0000,0.1393,0.0118,0
"2022-03-04T11:00:00Z","2022-03-04T11:30:00Z",-0.6086,-1.4996,0.9356,0.3315,1800.0000,0.1398,0.0136,0
"2022-03-04T11:30:00Z","2022-03-04T12:00:00Z",-0.4023,-1.5479,1.8699,0.7489,1800.0000,0.1435,0.0204,0
"2022-03-04T12:00:00Z","2022-03-04T12:30:00Z",0.1143,-0.7881,1.2607,0.1872,1800.0000,0.1388,0.0102,0
"2022-03-04T12:30:00Z","2022-03-04T13:00:00Z",0.4219,-1.3362,1.7642,0.7137,1800.0000,0.1431,0.0199,0
"2022-03-04T13:00:00Z","2022-03-04T13:30:00Z",-1.1296,-2.3352,0.7564,0.3038,1800.0000,0.1395,0.0130,0
"2022-03-04T13:30:00Z","2022-03-04T14:00:00Z",-2.6221,-2.9863,-2.2008,0.0419,1800.0000,0.1362,0.0048,0
"2022-03-04T14:00:00Z","2022-03-04T14:30:00Z",-1.9905,-2.8119,-0.7716,0.1381,1800.0000,0.1375,0.0088,0
"2022-03-04T14:30:00Z","2022-03-04T15:00:00Z",-1.2267,-1.7343,-0.6268,0.0810,1800.0000,0.1371,0.0067,0
"2022-03-04T15:00:00Z","2022-03-04T15:30:00Z",2.1761,-0.6836,5.4023,2.0379,1800.0000,0.1545,0.0336,0
"2022-03-04T15:30:00Z","2022-03-04T16:00:00Z",4.0446,2.4833,5.6656,0.3837,1800.0000,0.1422,0.0146,0
"2022-03-04T16:00:00Z","2022-03-04T16:30:00Z",3.9949,2.5661,5.3547,0.3407,1800.0000,0.1417,0.0138,0
"2022-03-04T16:30:00Z","2022-03-04T17:00:00Z",3.5956,2.5287,5.1118,0.3154,1800.0000,0.1414,0.0132,0
"2022-03-04T17:00:00Z","2022-03-04T17:30:00Z",3.5488,2.5746,4.3866,0.0917,1800.0000,0.1393,0.0071,0
"2022-03-04T17:30:00Z","2022-03-04T18:00:00Z",3.3538,2.2657,4.3641,0.1730,1800.0000,0.1400,0.0098,0
"2022-03-04T18:00:00Z","2022-03-04T18:30:00Z",3.3600,2.2563,4.4153,0.2936,1800.0000,0.1410,0.0128,0
"2022-03-04T18:30:00Z","2022-03-04T19:00:00Z",3.7827,2.9030,4.4235,0.0921,1800.0000,0.1394,0.0072,0
"2022-03-04T19:00:00Z","2022-03-04T19:30:00Z",3.9089,2.8552,4.6067,0.1652,1800.0000,0.1400,0.0096,0
"2022-03-04T19:30:00Z","2022-03-04T20:00:00Z",4.0916,3.4779,4.5352,0.0544,1800.0000,0.1391,0.0055,0
"2022-03-04T20:00:00Z","2022-03-04T20:30:00Z",4.0513,3.1729,4.8446,0.1053,1800.0000,0.1396,0.0076,0
"2022-03-04T20:30:00Z","2022-03-04T21:00:00Z",4.8277,3.2951,5.7561,0.2518,1800.0000,0.1412,0.0118,0
"2022-03-04T21:00:00Z","2022-03-04T21:30:00Z",4.9984,3.9042,6.0519,0.2082,1800.0000,0.1410,0.0108,0
"2022-03-04T21:30:00Z","2022-03-04T22:00:00Z",4.6416,3.7632,5.5624,0.1400,1800.0000,0.1402,0.0088,0
"2022-03-04T22:00:00Z","2022-03-04T22:30:00Z",4.4932,3.2767,5.3585,0.2082,1800.0000,0.1407,0.0108,0
"2022-03-04T22:30:00Z","2022-03-04T23:00:00Z",4.5722,3.4976,5.3997,0.1219,1800.0000,0.1400,0.0082,0
"2022-03-04T23:00:00Z","2022-03-04T23:30:00Z",3.8027,2.3128,4.6293,0.2637,1800.0000,0.1408,0.0121,0
"2022-03-04T23:30:00Z","2022-03-05T00:00:00Z",3.1230,2.2618,3.9147,0.1230,1800.0000,0.1394,0.0083,0
"2022-03-05T00:00:00Z","2022-03-05T00:30:00Z",2.8094,1.7071,3.5007,0.1413,1800.0000,0.1394,0.0089,0
"2022-03-05T00:30:00Z","2022-03-05T01:00:00Z",1.5873,0.8498,2.5891,0.1754,1800.0000,0.1393,0.0099,0
"2022-03-05T01:00:00Z","2022-03-05T01:30:00Z",0.8104,0.4787,1.1061,0.0277,1800.0000,0.1374,0.0039,0
"2022-03-05T01:30:00Z","2022-03-05T02:00:00Z",0.0677,-0.2002,0.4872,0.0217,1800.0000,0.1371,0.0035,0
"2022-03-05T02:00:00Z","2022-03-05T02:30:00Z",-0.3193,-0.4031,-0.1970,0.0028,1800.0000,0.1367,0.0012,0
"2022-03-05T02:30:00Z","2022-03-05T03:00:00Z",-0.0119,-0.4183,0.7694,0.1540,1800.0000,0.1383,0.0093,0
"2022-03-05T03:00:00Z","2022-03-05T03:30:00Z",-0.2030,-0.5154,0.0838,0.0365,1800.0000,0.1371,0.0045,0
"2022-03-05T03:30:00Z","2022-03-05T04:00:00Z",-0.4768,-0.5253,-0.4327,0.0003,1800.0000,0.1366,0.0004,0
"2022-03-05T04:00:00Z","2022-03-05T04:30:00Z",-0.3885,-0.4962,-0.0750,0.0092,1800.0000,0.1368,0.0023,0
"2022-03-05T04:30:00Z","2022-03-05T05:00:00Z",-0.5222,-0.7208,-0.2964,0.0068,1800.0000,0.1367,0.0019,0
"2022-03-05T05:00:00Z","2022-03-05T05:30:00Z",-1.1093,-1.6832,-0.6963,0.0659,1800.0000,0.1370,0.0060,0
"2022-03-05T05:30:00Z","2022-03-05T06:00:00Z",-1.7581,-1.8477,-1.6738,0.0016,1800.0000,0.1361,0.0009,0
"2022-03-05T06:00:00Z","2022-03-05T06:30:00Z",-2.2029,-2.5956,-1.7217,0.0927,1800.0000,0.1368,0.0072,0
"2022-03-05T06:30:00Z","2022-03-05T07:00:00Z",-2.6052,-2.7624,-2.4624,0.0039,1800.0000,0.1357,0.0015,0
"2022-03-05T07:00:00Z","2022-03-05T07:30:00Z",-2.3508,-2.7366,-1.6446,0.0600,1800.0000,0.1365,0.0058,0
"2022-03-05T07:30:00Z","2022-03-05T08:00:00Z",-2.3930,-2.9122,-1.9214,0.0520,1800.0000,0.1364,0.0054,0
"2022-03-05T08:00:00Z","2022-03-05T08:30:00Z",-2.8929,-3.3141,-2.5189,0.0418,1800.0000,0.1360,0.0048,0
"2022-03-05T08:30:00Z","2022-03-05T09:00:00Z",-3.3040,-3.8803,-2.7234,0.0872,1800.0000,0.1363,0.0070,0
"2022-03-05T09:00:00Z","2022-03-05T09:30:00Z",-3.2614,-3.6475,-2.7654,0.0329,1800.0000,0.1359,0.0043,0
"2022-03-05T09:30:00Z","2022-03-05T10:00:00Z",-3.6183,-3.9500,-3.2244,0.0314,1800.0000,0.1356,0.0042,0
"2022-03-05T10:00:00Z","2022-03-05T10:30:00Z",-3.8978,-4.3645,-3.4912,0.0475,1800.0000,0.1357,0.0051,0
"2022-03-05T10:30:00Z","2022-03-05T11:00:00Z",-4.7392,-5.1553,-4.3604,0.0485,1800.0000,0.1353,0.0052,0
"2022-03-05T11:00:00Z","2022-03-05T11:30:00Z",-5.5328,-5.9443,-5.0858,0.0530,1800.0000,0.1350,0.0054,0
"2022-03-05T11:30:00Z","2022-03-05T12:00:00Z",-6.2035,-6.4466,-5.9321,0.0155,1800.0000,0.1344,0.0029,0
"2022-03-05T12:00:00Z","2022-03-05T12:30:00Z",-6.6300,-7.0299,-6.2116,0.0305,1800.0000,0.1344,0.0041,0
"2022-03-05T12:30:00Z","2022-03-05T13:00:00Z",-7.3332,-7.6480,-7.0340,0.0219,1800.0000,0.1340,0.0035,0
"2022-03-05T13:00:00Z","2022-03-05T13:30:00Z",-7.8785,-8.2154,-7.6508,0.0226,1800.0000,0.1337,0.0035,0
"2022-03-05T13:30:00Z","2022-03-05T14:00:00Z",-8.2524,-8.5269,-7.9400,0.0171,1800.0000,0.1335,0.0031,0
"2022-03-05T14:00:00Z","2022-03-05T14:30:00Z",-8.0741,-8.4549,-7.0992,0.1926,1800.0000,0.1353,0.0103,0
"2022-03-05T14:30:00Z","2022-03-05T15:00:00Z",-6.4964,-7.6428,-4.9419,0.3663,1800.0000,0.1377,0.0143,0
"2022-03-05T15:00:00Z","2022-03-05T15:30:00Z",-4.4464,-4.9645,-4.0197,0.0450,1800.0000,0.1354,0.0050,0
"2022-03-05T15:30:00Z","2022-03-05T16:00:00Z",-4.3206,-4.6083,-3.9885,0.0196,1800.0000,0.1352,0.0033,0
"2022-03-05T16:00:00Z","2022-03-05T16:30:00Z",-3.9731,-4.2526,-3.7149,0.0091,1800.0000,0.1353,0.0022,0
"2022-03-05T16:30:00Z","2022-03-05T17:00:00Z",-3.7918,-4.2035,-3.1635,0.0448,1800.0000,0.1358,0.0050,0
"2022-03-05T17:00:00Z","2022-03-05T17:30:00Z",-3.4687,-4.0546,-2.8714,0.0561,1800.0000,0.1360,0.0056,0
"2022-03-05T17:30:00Z","2022-03-05T18:00:00Z",-3.4802,-4.3842,-2.9229,0.1038,1800.0000,0.1364,0.0076,0
"2022-03-05T18:00:00Z","2022-03-05T18:30:00Z",-4.1580,-5.0364,-3.4791,0.0928,1800.0000,0.1360,0.0072,0
"2022-03-05T18:30:00Z","2022-03-05T19:00:00Z",-3.6657,-4.2555,-2.9893,0.0686,1800.0000,0.1360,0.0062,0
"2022-03-05T19:00:00Z","2022-03-05T19:30:00Z",-3.3660,-4.1328,-2.6845,0.1053,1800.0000,0.1365,0.0076,0
"2022-03-05T19:30:00Z","2022-03-05T20:00:00Z",-3.8465,-4.6379,-3.1740,0.1067,1800.0000,0.1363,0.0077,0
"2022-03-05T20:00:00Z","2022-03-05T20:30:00Z",-4.3311,-5.1144,-3.7961,0.0845,1800.0000,0.1358,0.0069,0
"2022-03-05T20:30:00Z","2022-03-05T21:00:00Z",-5.1503,-6.0660,-4.4271,0.1410,1800.0000,0.1360,0.0088,0
"2022-03-05T21:00:00Z","2022-03-05T21:30:00Z",-6.2948,-6.9347,-5.4105,0.1409,1800.0000,0.1356,0.0088,0
"2022-03-05T21:30:00Z","2022-03-05T22:00:00Z",-6.7409,-7.2197,-6.2049,0.0318,1800.0000,0.1344,0.0042,0
"2022-03-05T22:00:00Z","2022-03-05T22:30:00Z",-7.0161,-7.4368,-6.5449,0.0375,1800.0000,0.1343,0.0046,0
"2022-03-05T22:30:00Z","2022-03-05T23:00:00Z",-7.0316,-7.5265,-6.6219,0.0576,1800.0000,0.1344,0.0057,0
"2022-03-05T23:00:00Z","2022-03-05T23:30:00Z",-7.1701,-7.5371,-6.5998,0.0377,1800.0000,0.1343,0.0046,0
"2022-03-05T23:30:00Z","2022-03-06T00:00:00Z",-7.3303,-7.6041,-6.8931,0.0246,1671.0000,0.1341,0.0038,1
"2022-03-06T00:00:00Z","2022-03-06T00:30:00Z",-7.4982,-7.7470,-7.1351,0.0188,1800.0000,0.1339,0.0032,0
"2022-03-06T00:30:00Z","2022-03-06T01:00:00Z",-7.8800,-8.0358,-7.5815,0.0096,1800.0000,0.1336,0.0023,0
"2022-03-06T01:00:00Z","2022-03-06T01:30:00Z",-7.9524,-8.1150,-7.6091,0.0107,1800.0000,0.1336,0.0024,0
"2022-03-06T01:30:00Z","2022-03-06T02:00:00Z",-7.8888,-8.0700,-7.7018,0.0061,1800.0000,0.1336,0.0018,0
"2022-03-06T02:00:00Z","2022-03-06T02:30:00Z",-7.9825,-8.1555,-7.7805,0.0068,1800.0000,0.1335,0.0019,0
"2022-03-06T02:30:00Z","2022-03-06T03:00:00Z",-8.2715,-8.8356,-7.8988,0.0560,1800.0000,0.1339,0.0056,0
"2022-03-06T03:00:00Z","2022-03-06T03:30:00Z",-9.0170,-9.6305,-8.6212,0.0461,1800.0000,0.1335,0.0051,0
"2022-03-06T03:30:00Z","2022-03-06T04:00:00Z",-8.9501,-9.3781,-8.6008,0.0332,1800.0000,0.1334,0.0043,0
"2022-03-06T04:00:00Z","2022-03-06T04:30:00Z",-9.2740,-9.4081,-9.0605,0.0056,1800.0000,0.1330,0.0018,0
"2022-03-06T04:30:00Z","2022-03-06T05:00:00Z",-9.2112,-9.3431,-9.0419,0.0042,1800.0000,0.1330,0.0015,0
"2022-03-06T05:00:00Z","2022-03-06T05:30:00Z",-9.1187,-9.4115,-8.9148,0.0121,1800.0000,0.1331,0.0026,0
"2022-03-06T05:30:00Z","2022-03-06T06:00:00Z",-9.1601,-9.3365,-8.9362,0.0099,1800.0000,0.1331,0.0023,0
"2022-03-06T06:00:00Z","2022-03-06T06:30:00Z",-9.1380,-9.3526,-8.9565,0.0065,1800.0000,0.1330,0.0019,0
"2022-03-06T06:30:00Z","2022-03-06T07:00:00Z",-9.2770,-9.4950,-8.9957,0.0123,1800.0000,0.1331,0.0026,0
"2022-03-06T07:00:00Z","2022-03-06T07:30:00Z",-9.3815,-9.6786,-9.1355,0.0148,1800.0000,0.1330,0.0029,0
"2022-03-06T07:30:00Z","2022-03-06T08:00:00Z",-9.9834,-10.2338,-9.6129,0.0240,1800.0000,0.1329,0.0036,0
"2022-03-06T08:00:00Z","2022-03-06T08:30:00Z",-10.1510,-10.2695,-10.0554,0.0044,330.0000,0.1327,0.0036,1
"2022-03-06T08:30:00Z","2022-03-06T09:00:00Z",,,,,,,,1
"2022-03-06T09:00:00Z","2022-03-06T09:30:00Z",,,,,,,,1
"2022-03-06T09:30:00Z","2022-03-06T10:00:00Z",,,,,,,,1
"2022-03-06T10:00:00Z","2022-03-06T10:30:00Z",,,,,,,,1
"2022-03-06T10:30:00Z","2022-03-06T11:00:00Z",,,,,,,,1
"2022-03-06T11:00:00Z","2022-03-06T11:30:00Z",,,,,,,,1
"2022-03-06T11:30:00Z","2022-03-06T12:00:00Z",,,,,,,,1
"2022-03-06T12:00:00Z","2022-03-06T12:30:00Z",,,,,,,,1
"2022-03-06T12:30:00Z","2022-03-06T13:00:00Z",,,,,,,,1
"2022-03-06T13:00:00Z","2022-03-06T13:30:00Z",,,,,,,,1
"2022-03-06T13:30:00Z","2022-03-06T14:00:00Z",,,,,,,,1
"2022-03-06T14:00:00Z","2022-03-06T14:30:00Z",,,,,,,,1
"2022-03-06T14:30:00Z","2022-03-06T15:00:00Z",,,,,,,,1
"2022-03-06T15:00:00Z","2022-03-06T15:30:00Z",,,,,,,,1
"2022-03-06T15:30:00Z","2022-03-06T16:00:00Z",,,,,,,,1
"2022-03-06T16:00:00Z","2022-03-06T16:30:00Z",,,,,,,,1
"2022-03-06T16:30:00Z","2022-03-06T17:00:00Z",,,,,,,,1
"2022-03-06T17:00:00Z","2022-03-06T17:30:00Z",,,,,,,,1
"2022-03-06T17:30:00Z","2022-03-06T18:00:00Z",,,,,,,,1
"2022-03-06T18:00:00Z","2022-03-06T18:30:00Z",,,,,,,,1
"2022-03-06T18:30:00Z","2022-03-06T19:00:00Z",,,,,,,,1
"2022-03-06T19:00:00Z","2022-03-06T19:30:00Z",,,,,,,,1
"2022-03-06T19:30:00Z","2022-03-06T20:00:00Z",,,,,,,,1
"2022-03-06T20:00:00Z","2022-03-06T20:30:00Z",,,,,,,,1
"2022-03-06T20:30:00Z","2022-03-06T21:00:00Z",-12.8801,-13.0747,-12.5647,0.0204,330.0000,0.1324,0.0079,1
"2022-03-06T21:00:00Z","2022-03-06T21:30:00Z",-12.5182,-12.8576,-12.0427,0.0323,1800.0000,0.1319,0.0042,0
"2022-03-06T21:30:00Z","2022-03-06T22:00:00Z",-12.2282,-12.8817,-11.6420,0.0738,1800.0000,0.1325,0.0064,0
"2022-03-06T22:00:00Z","2022-03-06T22:30:00Z",-12.8316,-13.1406,-12.4906,0.0212,1800.0000,0.1317,0.0034,0
"2022-03-06T22:30:00Z","2022-03-06T23:00:00Z",-12.9285,-13.2981,-12.3126,0.0410,1800.0000,0.1319,0.0048,0
"2022-03-06T23:00:00Z","2022-03-06T23:30:00Z",-12.9442,-13.3894,-12.6584,0.0265,1800.0000,0.1316,0.0038,0
"2022-03-06T23:30:00Z","2022-03-07T00:00:00Z",-13.3456,-13.6413,-12.9628,0.0280,1800.0000,0.1315,0.0039,0
"2022-03-07T00:00:00Z","2022-03-07T00:30:00Z",-13.6326,-13.9472,-13.3344,0.0238,1800.0000,0.1313,0.0036,0
"2022-03-07T00:30:00Z","2022-03-07T01:00:00Z",-13.8777,-14.1602,-13.4618,0.0255,1800.0000,0.1313,0.0038,0
"2022-03-07T01:00:00Z","2022-03-07T01:30:00Z",-14.0374,-14.2449,-13.7741,0.0096,1800.0000,0.1310,0.0023,0
"2022-03-07T01:30:00Z","2022-03-07T02:00:00Z",-14.0996,-14.4166,-13.9377,0.0095,1800.0000,0.1310,0.0023,0
"2022-03-07T02:00:00Z","2022-03-07T02:30:00Z",-14.8030,-15.2533,-14.3515,0.0878,1800.0000,0.1314,0.0070,0
"2022-03-07T02:30:00Z","2022-03-07T03:00:00Z",-15.2125,-15.3752,-15.0462,0.0062,1800.0000,0.1305,0.0019,0
"2022-03-07T03:00:00Z","2022-03-07T03:30:00Z",-14.9132,-15.0492,-14.8282,0.0023,1800.0000,0.1305,0.0011,0
"2022-03-07T03:30:00Z","2022-03-07T04:00:00Z",-14.8124,-14.8798,-14.7194,0.0013,1800.0000,0.1306,0.0009,0
"2022-03-07T04:00:00Z","2022-03-07T04:30:00Z",-14.7932,-14.9501,-14.6666,0.0043,1800.0000,0.1306,0.0015,0
"2022-03-07T04:30:00Z","2022-03-07T05:00:00Z",-14.9687,-15.0809,-14.8328,0.0032,1800.0000,0.1305,0.0013,0
"2022-03-07T05:00:00Z","2022-03-07T05:30:00Z",-15.0359,-15.1565,-14.8937,0.0034,1800.0000,0.1305,0.0014,0
"2022-03-07T05:30:00Z","2022-03-07T06:00:00Z",-15.1491,-15.3482,-14.9661,0.0090,1800.0000,0.1305,0.0022,0
"2022-03-07T06:00:00Z","2022-03-07T06:30:00Z",-15.4197,-15.6629,-15.2120,0.0149,1800.0000,0.1305,0.0029,0
"2022-03-07T06:30:00Z","2022-03-07T07:00:00Z",-15.8225,-16.2197,-15.5871,0.0307,1800.0000,0.1304,0.0041,0
"2022-03-07T07:00:00Z","2022-03-07T07:30:00Z",-16.4034,-16.5220,-16.2161,0.0041,1800.0000,0.1300,0.0015,0
"2022-03-07T07:30:00Z","2022-03-07T08:00:00Z",-16.6878,-16.8690,-16.4291,0.0146,1800.0000,0.1300,0.0028,0
"2022-03-07T08:00:00Z","2022-03-07T08:30:00Z",-16.6781,-16.9010,-16.4920,0.0121,1800.0000,0.1299,0.0026,0
"2022-03-07T08:30:00Z","2022-03-07T09:00:00Z",-17.4509,-18.0040,-16.8642,0.1094,1800.0000,0.1306,0.0078,0
"2022-03-07T09:00:00Z","2022-03-07T09:30:00Z",-18.4939,-19.0692,-17.9760,0.1153,1800.0000,0.1302,0.0080,0
"2022-03-07T09:30:00Z","2022-03-07T10:00:00Z",-19.2560,-19.6623,-18.9146,0.0336,1800.0000,0.1291,0.0043,0
"2022-03-07T10:00:00Z","2022-03-07T10:30:00Z",-19.5689,-19.9331,-19.3102,0.0214,1800.0000,0.1288,0.0034,0
"2022-03-07T10:30:00Z","2022-03-07T11:00:00Z",-20.0624,-20.5484,-19.3392,0.0648,1800.0000,0.1292,0.0060,0
"2022-03-07T11:00:00Z","2022-03-07T11:30:00Z",-20.7781,-21.1660,-20.5091,0.0464,1800.0000,0.1285,0.0051,0
"2022-03-07T11:30:00Z","2022-03-07T12:00:00Z",-21.0233,-21.1556,-20.8724,0.0063,1800.0000,0.1280,0.0019,0
"2022-03-07T12:00:00Z","2022-03-07T12:30:00Z",-21.2422,-21.6383,-20.9457,0.0357,1800.0000,0.1282,0.0045,0
"2022-03-07T12:30:00Z","2022-03-07T13:00:00Z",-21.5671,-21.8305,-21.3687,0.0130,1800.0000,0.1279,0.0027,0
"2022-03-07T13:00:00Z","2022-03-07T13:30:00Z",-21.8434,-22.1963,-21.6020,0.0280,1800.0000,0.1279,0.0039,0
"2022-03-07T13:30:00Z","2022-03-07T14:00:00Z",-21.9828,-22.2499,-21.8315,0.0082,1800.0000,0.1276,0.0021,0
"2022-03-07T14:00:00Z","2022-03-07T14:30:00Z",-21.2939,-22.0378,-20.2792,0.2788,1800.0000,0.1306,0.0124,0
"2022-03-07T14:30:00Z","2022-03-07T15:00:00Z",-18.6222,-20.2846,-16.3625,0.9583,1800.0000,0.1378,0.0231,0
"2022-03-07T15:00:00Z","2022-03-07T15:30:00Z",-15.3528,-17.2457,-14.2742,0.7015,1800.0000,0.1366,0.0197,0
"2022-03-07T15:30:00Z","2022-03-07T16:00:00Z",-13.4861,-14.3208,-12.5455,0.3187,1800.0000,0.1341,0.0133,0
"2022-03-07T16:00:00Z","2022-03-07T16:30:00Z",-12.2714,-12.8867,-11.6151,0.0537,1800.0000,0.1323,0.0055,0
"2022-03-07T16:30:00Z","2022-03-07T17:00:00Z",-11.6021,-12.3221,-10.9090,0.0966,1800.0000,0.1330,0.0073,0
"2022-03-07T17:00:00Z","2022-03-07T17:30:00Z",-10.3819,-11.2091,-9.7926,0.0847,1800.0000,0.1333,0.0069,0
"2022-03-07T17:30:00Z","2022-03-07T18:00:00Z",-10.0611,-11.2127,-9.0286,0.2549,1800.0000,0.1351,0.0119,0
"2022-03-07T18:00:00Z","2022-03-07T18:30:00Z",-8.9994,-9.7506,-8.3308,0.1360,1800.0000,0.1344,0.0087,0
"2022-03-07T18:30:00Z","2022-03-07T19:00:00Z",-7.9096,-8.9558,-6.4336,0.4476,1800.0000,0.1377,0.0158,0
"2022-03-07T19:00:00Z","2022-03-07T19:30:00Z",-7.7506,-8.8724,-6.6338,0.3116,1800.0000,0.1365,0.0132,0
"2022-03-07T19:30:00Z","2022-03-07T20:00:00Z",-8.2626,-8.7509,-7.6695,0.0438,1800.0000,0.1339,0.0049,0
"2022-03-07T20:00:00Z","2022-03-07T20:30:00Z",-7.9826,-8.6341,-6.8884,0.1079,1800.0000,0.1347,0.0077,0
"2022-03-07T20:30:00Z","2022-03-07T21:00:00Z",-7.9691,-8.4536,-7.2132,0.0722,1800.0000,0.1343,0.0063,0
"2022-03-07T21:00:00Z","2022-03-07T21:30:00Z",-7.7217,-8.4019,-7.1596,0.0713,1800.0000,0.1343,0.0063,0
"2022-03-07T21:30:00Z","2022-03-07T22:00:00Z",-7.5146,-8.0570,-6.7184,0.0812,1800.0000,0.1346,0.0067,0
"2022-03-07T22:00:00Z","2022-03-07T22:30:00Z",-8.3847,-9.1377,-7.8291,0.0745,1800.0000,0.1341,0.0064,0
"2022-03-07T22:30:00Z","2022-03-07T23:00:00Z",-8.9402,-9.3559,-8.3075,0.0439,1800.0000,0.1336,0.0049,0
"2022-03-07T23:00:00Z","2022-03-07T23:30:00Z",-9.7184,-10.0742,-8.9784,0.0681,1800.0000,0.1335,0.0061,0
"2022-03-07T23:30:00Z","2022-03-08T00:00:00Z",-10.1346,-10.3931,-9.8999,0.0126,1800.0000,0.1327,0.0026,0
"2022-03-08T00:00:00Z","2022-03-08T00:30:00Z",-10.3533,-10.9629,-9.9032,0.0533,1800.0000,0.1330,0.0054,0
"2022-03-08T00:30:00Z","2022-03-08T01:00:00Z",-11.3706,-11.8509,-10.8264,0.0532,1800.0000,0.1326,0.0054,0
"2022-03-08T01:00:00Z","2022-03-08T01:30:00Z",-11.8710,-12.5469,-11.4360,0.1154,1800.0000,0.1329,0.0080,0
"2022-03-08T01:30:00Z","2022-03-08T02:00:00Z",-13.0234,-13.6150,-12.3661,0.1167,1800.0000,0.1325,0.0081,0
"2022-03-08T02:00:00Z","2022-03-08T02:30:00Z",-14.1076,-14.9256,-13.3788,0.1734,1800.0000,0.1326,0.0098,0
"2022-03-08T02:30:00Z","2022-03-08T03:00:00Z",-15.7136,-16.3296,-14.7388,0.1716,1800.0000,0.1320,0.0098,0
"2022-03-08T03:00:00Z","2022-03-08T03:30:00Z",-16.7353,-17.3491,-16.1569,0.1255,1800.0000,0.1310,0.0084,0
"2022-03-08T03:30:00Z","2022-03-08T04:00:00Z",-17.6076,-18.1350,-17.1074,0.0423,1800.0000,0.1299,0.0048,0
"2022-03-08T04:00:00Z","2022-03-08T04:30:00Z",-18.2042,-18.6569,-16.6126,0.1090,1800.0000,0.1307,0.0078,0
"2022-03-08T04:30:00Z","2022-03-08T05:00:00Z",-18.8158,-19.2355,-18.2663,0.0464,1800.0000,0.1295,0.0051,0
"2022-03-08T05:00:00Z","2022-03-08T05:30:00Z",-19.2203,-19.5773,-18.6777,0.0422,1800.0000,0.1292,0.0048,0
"2022-03-08T05:30:00Z","2022-03-08T06:00:00Z",-19.5682,-19.9063,-19.1308,0.0240,1800.0000,0.1289,0.0036,0
"2022-03-08T06:00:00Z","2022-03-08T06:30:00Z",-19.8259,-20.2377,-19.4187,0.0283,1800.0000,0.1288,0.0040,0
"2022-03-08T06:30:00Z","2022-03-08T07:00:00Z",-20.0201,-20.6381,-19.3889,0.0706,1800.0000,0.1292,0.0063,0
"2022-03-08T07:00:00Z","2022-03-08T07:30:00Z",-20.4335,-20.7457,-20.1091,0.0228,1800.0000,0.1285,0.0036,0
"2022-03-08T07:30:00Z","2022-03-08T08:00:00Z",-20.5574,-20.7699,-20.3330,0.0120,1800.0000,0.1283,0.0026,0
"2022-03-08T08:00:00Z","2022-03-08T08:30:00Z",-20.8782,-21.2511,-20.5250,0.0378,1800.0000,0.1284,0.0046,0
"2022-03-08T08:30:00Z","2022-03-08T09:00:00Z",-21.2317,-21.4789,-20.9291,0.0143,1800.0000,0.1281,0.0028,0
"2022-03-08T09:00:00Z","2022-03-08T09:30:00Z",-21.2233,-21.5051,-20.7263,0.0373,1800.0000,0.1284,0.0046,0
"2022-03-08T09:30:00Z","2022-03-08T10:00:00Z",-21.4051,-21.6858,-20.9295,0.0254,1800.0000,0.1282,0.0038,0
"2022-03-08T10:00:00Z","2022-03-08T10:30:00Z",-21.4396,-21.6969,-21.0950,0.0172,1800.0000,0.1280,0.0031,0
"2022-03-08T10:30:00Z","2022-03-08T11:00:00Z",-21.2953,-21.5786,-20.7662,0.0306,1800.0000,0.1283,0.0041,0
"2022-03-08T11:00:00Z","2022-03-08T11:30:00Z",-21.4008,-21.7252,-20.7876,0.0351,1800.0000,0.1283,0.0044,0
"2022-03-08T11:30:00Z","2022-03-08T12:00:00Z",-21.5315,-21.7907,-21.1475,0.0201,1800.0000,0.1280,0.0033,0
"2022-03-08T12:00:00Z","2022-03-08T12:30:00Z",-20.8498,-21.5859,-20.2964,0.1492,1800.0000,0.1295,0.0091,0
"2022-03-08T12:30:00Z","2022-03-08T13:00:00Z",-20.1036,-20.6456,-19.1818,0.1340,1800.0000,0.1298,0.0086,0
"2022-03-08T13:00:00Z","2022-03-08T13:30:00Z",-18.5093,-19.1784,-18.2701,0.0509,1800.0000,0.1295,0.0053,0
"2022-03-08T13:30:00Z","2022-03-08T14:00:00Z",-19.5906,-20.4833,-18.7790,0.2587,1800.0000,0.1311,0.0120,0
"2022-03-08T14:00:00Z","2022-03-08T14:30:00Z",-19.7377,-20.6738,-17.8110,0.5347,1800.0000,0.1338,0.0172,0
"2022-03-08T14:30:00Z","2022-03-08T15:00:00Z",-13.3308,-18.4858,-11.8698,1.7292,1800.0000,0.1456,0.0310,0
"2022-03-08T15:00:00Z","2022-03-08T15:30:00Z",-11.5541,-12.0979,-11.0646,0.0566,1800.0000,0.1326,0.0056,0
"2022-03-08T15:30:00Z","2022-03-08T16:00:00Z",-10.6345,-11.0848,-9.5955,0.1649,1800.0000,0.1341,0.0096,0
"2022-03-08T16:00:00Z","2022-03-08T16:30:00Z",-9.2782,-10.0219,-8.6019,0.0994,1800.0000,0.1339,0.0074,0
"2022-03-08T16:30:00Z","2022-03-08T17:00:00Z",-9.7193,-10.1155,-9.1689,0.0308,1800.0000,0.1331,0.0041,0
"2022-03-08T17:00:00Z","2022-03-08T17:30:00Z",-9.2033,-9.8531,-8.6006,0.0711,1800.0000,0.1337,0.0063,0
"2022-03-08T17:30:00Z","2022-03-08T18:00:00Z",-8.3751,-9.2749,-7.4698,0.1750,1800.0000,0.1350,0.0099,0
"2022-03-08T18:00:00Z","2022-03-08T18:30:00Z",-8.1468,-8.8212,-7.6220,0.0804,1800.0000,0.1342,0.0067,0
"2022-03-08T18:30:00Z","2022-03-08T19:00:00Z",-8.1906,-8.7357,-7.6222,0.0646,1800.0000,0.1341,0.0060,0
"2022-03-08T19:00:00Z","2022-03-08T19:30:00Z",-7.2571,-8.2289,-6.5502,0.1112,1800.0000,0.1349,0.0079,0
"2022-03-08T19:30:00Z","2022-03-08T20:00:00Z",-6.8825,-7.4946,-6.3019,0.0673,1800.0000,0.1346,0.0061,0
"2022-03-08T20:00:00Z","2022-03-08T20:30:00Z",-6.5441,-7.2562,-5.9840,0.1077,1800.0000,0.1351,0.0077,0
"2022-03-08T20:30:00Z","2022-03-08T21:00:00Z",-6.1295,-6.6281,-5.6848,0.0408,1800.0000,0.1347,0.0048,0
"2022-03-08T21:00:00Z","2022-03-08T21:30:00Z",-6.1752,-6.8395,-5.5754,0.0517,1800.0000,0.1348,0.0054,0
"2022-03-08T21:30:00Z","2022-03-08T22:00:00Z",-6.3353,-6.7603,-5.9471,0.0149,1800.0000,0.1344,0.0029,0
"2022-03-08T22:00:00Z","2022-03-08T22:30:00Z",-6.9588,-7.4794,-6.3055,0.0943,1800.0000,0.1349,0.0072,0
"2022-03-08T22:30:00Z","2022-03-08T23:00:00Z",-7.4092,-7.8683,-6.9620,0.0468,1800.0000,0.1342,0.0051,0
"2022-03-08T23:00:00Z","2022-03-08T23:30:00Z",-8.3688,-9.2891,-7.4753,0.2411,1800.0000,0.1356,0.0116,0
"2022-03-08T23:30:00Z","2022-03-09T00:00:00Z",-9.1987,-9.8181,-8.8165,0.0800,1800.0000,0.1337,0.0067,0
"2022-03-09T00:00:00Z","2022-03-09T00:30:00Z",-10.0654,-10.7378,-9.6261,0.0688,1800.0000,0.1333,0.0062,0
"2022-03-09T00:30:00Z","2022-03-09T01:00:00Z",-10.3879,-11.5277,-9.8776,0.1273,1800.0000,0.1336,0.0084,0
"2022-03-09T01:00:00Z","2022-03-09T01:30:00Z",-11.8250,-12.6514,-10.4815,0.2432,1800.0000,0.1344,0.0116,0
"2022-03-09T01:30:00Z","2022-03-09T02:00:00Z",-11.6458,-12.7960,-10.4729,0.4415,1800.0000,0.1360,0.0157,0
"2022-03-09T02:00:00Z","2022-03-09T02:30:00Z",-12.9163,-13.6115,-12.0891,0.1745,1800.0000,0.1331,0.0098,0
"2022-03-09T02:30:00Z","2022-03-09T03:00:00Z",-13.6765,-14.1623,-13.1868,0.0613,1800.0000,0.1317,0.0058,0
"2022-03-09T03:00:00Z","2022-03-09T03:30:00Z",-12.1521,-13.9912,-9.3393,3.1243,1800.0000,0.1568,0.0417,0
"2022-03-09T03:30:00Z","2022-03-09T04:00:00Z",-9.2827,-9.8067,-8.8175,0.0671,1800.0000,0.1336,0.0061,0
"2022-03-09T04:00:00Z","2022-03-09T04:30:00Z",-9.3581,-10.0073,-8.9136,0.0827,1800.0000,0.1337,0.0068,0
"2022-03-09T04:30:00Z","2022-03-09T05:00:00Z",-9.9851,-10.6707,-9.4912,0.0765,1800.0000,0.1334,0.0065,0
"2022-03-09T05:00:00Z","2022-03-09T05:30:00Z",-9.5544,-10.2727,-8.6898,0.0865,1800.0000,0.1338,0.0069,0
"2022-03-09T05:30:00Z","2022-03-09T06:00:00Z",-10.6522,-11.5445,-9.1411,0.3983,1800.0000,0.1362,0.0149,0
"2022-03-09T06:00:00Z","2022-03-09T06:30:00Z",-10.1541,-11.3142,-8.2077,0.6455,1800.0000,0.1386,0.0189,0
"2022-03-09T06:30:00Z","2022-03-09T07:00:00Z",-9.0970,-9.9277,-8.2055,0.1988,1800.0000,0.1349,0.0105,0
"2022-03-09T07:00:00Z","2022-03-09T07:30:00Z",-8.3964,-9.1946,-7.8397,0.0853,1800.0000,0.1341,0.0069,0
"2022-03-09T07:30:00Z","2022-03-09T08:00:00Z",-8.0970,-9.1970,-7.4173,0.0863,1800.0000,0.1343,0.0069,0
"2022-03-09T08:00:00Z","2022-03-09T08:30:00Z",-8.5280,-9.6020,-7.8224,0.1015,1800.0000,0.1343,0.0075,0
"2022-03-09T08:30:00Z","2022-03-09T09:00:00Z",-8.9178,-9.9066,-7.9415,0.1819,1800.0000,0.1349,0.0101,0
"2022-03-09T09:00:00Z","2022-03-09T09:30:00Z",-9.5445,-10.4043,-8.4926,0.2358,1800.0000,0.1351,0.0114,0
"2022-03-09T09:30:00Z","2022-03-09T10:00:00Z",-10.2848,-11.2309,-8.9006,0.3360,1800.0000,0.1358,0.0137,0
"2022-03-09T10:00:00Z","2022-03-09T10:30:00Z",-9.6474,-11.1661,-8.4930,0.4573,1800.0000,0.1369,0.0159,0
"2022-03-09T10:30:00Z","2022-03-09T11:00:00Z",-8.6268,-9.7819,-7.9241,0.1083,1800.0000,0.1343,0.0078,0
"2022-03-09T11:00:00Z","2022-03-09T11:30:00Z",-8.8133,-9.4224,-8.0538,0.0989,1800.0000,0.1342,0.0074,0
"2022-03-09T11:30:00Z","2022-03-09T12:00:00Z",-8.6529,-9.6306,-7.9882,0.1712,1800.0000,0.1348,0.0098,0
"2022-03-09T12:00:00Z","2022-03-09T12:30:00Z",-8.5687,-9.2330,-7.7213,0.1392,1800.0000,0.1346,0.0088,0
"2022-03-09T12:30:00Z","2022-03-09T13:00:00Z",-9.1686,-11.8073,-7.6695,1.6165,1800.0000,0.1463,0.0300,0
"2022-03-09T13:00:00Z","2022-03-09T13:30:00Z",-13.0705,-13.9062,-11.8100,0.2504,1800.0000,0.1339,0.0118,0
"2022-03-09T13:30:00Z","2022-03-09T14:00:00Z",-14.1021,-14.4495,-13.8318,0.0206,1800.0000,0.1311,0.0034,0
"2022-03-09T14:00:00Z","2022-03-09T14:30:00Z",-14.0273,-14.3158,-13.6432,0.0255,1800.0000,0.1312,0.0038,0
"2022-03-09T14:30:00Z","2022-03-09T15:00:00Z",-13.6708,-14.0976,-13.2855,0.0302,1800.0000,0.1314,0.0041,0
"2022-03-09T15:00:00Z","2022-03-09T15:30:00Z",-13.7323,-14.1411,-13.3439,0.0347,1800.0000,0.1314,0.0044,0
"2022-03-09T15:30:00Z","2022-03-09T16:00:00Z",-13.7171,-14.1459,-13.1195,0.0612,1800.0000,0.1317,0.0058,0
"2022-03-09T16:00:00Z","2022-03-09T16:30:00Z",-13.7170,-14.2320,-13.2240,0.0423,1800.0000,0.1315,0.0049,0
"2022-03-09T16:30:00Z","2022-03-09T17:00:00Z",-14.2915,-14.8260,-13.7416,0.0466,1800.0000,0.1314,0.0051,0
"2022-03-09T17:00:00Z","2022-03-09T17:30:00Z",-14.5781,-14.8944,-13.9757,0.0322,1800.0000,0.1311,0.0042,0
"2022-03-09T17:30:00Z","2022-03-09T18:00:00Z",-14.5194,-14.8883,-14.0737,0.0269,1800.0000,0.1310,0.0039,0
"2022-03-09T18:00:00Z","2022-03-09T18:30:00Z",-14.4779,-14.9074,-13.8243,0.0700,1800.0000,0.1315,0.0062,0
"2022-03-09T18:30:00Z","2022-03-09T19:00:00Z",-14.7658,-15.1413,-14.4645,0.0227,1800.0000,0.1308,0.0036,0
"2022-03-09T19:00:00Z","2022-03-09T19:30:00Z",-15.0516,-15.4993,-14.3819,0.0533,1800.0000,0.1311,0.0054,0
"2022-03-09T19:30:00Z","2022-03-09T20:00:00Z",-15.4100,-15.7250,-15.0740,0.0227,1800.0000,0.1306,0.0036,0
"2022-03-09T20:00:00Z","2022-03-09T20:30:00Z",-15.7035,-16.1075,-15.0441,0.0710,1800.0000,0.1310,0.0063,0
"2022-03-09T20:30:00Z","2022-03-09T21:00:00Z",-16.1248,-16.6408,-15.3861,0.0853,1800.0000,0.1310,0.0069,0
"2022-03-09T21:00:00Z","2022-03-09T21:30:00Z",-16.2575,-16.6104,-15.7154,0.0345,1800.0000,0.1304,0.0044,0
"2022-03-09T21:30:00Z","2022-03-09T22:00:00Z",-16.1329,-16.3796,-15.7031,0.0154,1800.0000,0.1303,0.0029,0
"2022-03-09T22:00:00Z","2022-03-09T22:30:00Z",-16.0993,-16.4074,-15.8061,0.0169,1800.0000,0.1302,0.0031,0
"2022-03-09T22:30:00Z","2022-03-09T23:00:00Z",-16.1502,-16.5901,-15.7084,0.0298,1800.0000,0.1304,0.0041,0
"2022-03-09T23:00:00Z","2022-03-09T23:30:00Z",-16.5383,-16.9885,-16.1393,0.0379,1800.0000,0.1303,0.0046,0
"2022-03-09T23:30:00Z","2022-03-10T00:00:00Z",-17.3927,-17.8354,-16.8099,0.0588,1800.0000,0.1302,0.0057,0
"2022-03-10T00:00:00Z","2022-03-10T00:30:00Z",-17.7799,-18.2635,-17.3622,0.0841,1800.0000,0.1302,0.0068,0
"2022-03-10T00:30:00Z","2022-03-10T01:00:00Z",-18.7018,-19.2770,-18.0451,0.0954,1800.0000,0.1300,0.0073,0
"2022-03-10T01:00:00Z","2022-03-10T01:30:00Z",-19.3544,-19.5253,-19.1235,0.0071,1800.0000,0.1288,0.0020,0
"2022-03-10T01:30:00Z","2022-03-10T02:00:00Z",-19.5454,-19.8267,-19.2876,0.0163,1800.0000,0.1288,0.0030,0
"2022-03-10T02:00:00Z","2022-03-10T02:30:00Z",-19.8431,-20.0617,-19.6278,0.0098,1800.0000,0.1286,0.0023,0
"2022-03-10T02:30:00Z","2022-03-10T03:00:00Z",-19.9171,-20.1651,-19.5967,0.0138,1800.0000,0.1286,0.0028,0
"2022-03-10T03:00:00Z","2022-03-10T03:30:00Z",-19.8065,-20.0270,-19.5963,0.0057,1800.0000,0.1286,0.0018,0
"2022-03-10T03:30:00Z","2022-03-10T04:00:00Z",-20.0549,-20.2538,-19.8529,0.0098,1800.0000,0.1285,0.0023,0
"2022-03-10T04:00:00Z","2022-03-10T04:30:00Z",-20.0952,-20.2658,-19.9331,0.0056,1800.0000,0.1284,0.0018,0
"2022-03-10T04:30:00Z","2022-03-10T05:00:00Z",-20.0134,-20.1959,-19.8762,0.0046,1800.0000,0.1284,0.0016,0
"2022-03-10T05:00:00Z","2022-03-10T05:30:00Z",-19.9183,-20.1479,-19.7462,0.0104,1800.0000,0.1285,0.0024,0
"2022-03-10T05:30:00Z","2022-03-10T06:00:00Z",-19.8453,-20.0664,-19.6700,0.0086,1800.0000,0.1285,0.0022,0
"2022-03-10T06:00:00Z","2022-03-10T06:30:00Z",-20.0277,-20.3095,-19.7782,0.0113,1800.0000,0.1285,0.0025,0
"2022-03-10T06:30:00Z","2022-03-10T07:00:00Z",-19.9673,-20.1179,-19.7848,0.0057,1800.0000,0.1285,0.0018,0
"2022-03-10T07:00:00Z","2022-03-10T07:30:00Z",-19.9039,-20.0629,-19.7733,0.0053,1800.0000,0.1285,0.0017,0
"2022-03-10T07:30:00Z","2022-03-10T08:00:00Z",-20.3914,-20.7210,-19.9753,0.0400,1800.0000,0.1287,0.0047,0
"2022-03-10T08:00:00Z","2022-03-10T08:30:00Z",-20.2069,-20.6385,-19.4349,0.0935,1800.0000,0.1294,0.0072,0
"2022-03-10T08:30:00Z","2022-03-10T09:00:00Z",-18.6452,-19.6076,-18.0068,0.1407,1800.0000,0.1304,0.0088,0
"2022-03-10T09:00:00Z","2022-03-10T09:30:00Z",-17.8476,-18.7912,-16.5528,0.3893,1800.0000,0.1331,0.0147,0
"2022-03-10T09:30:00Z","2022-03-10T10:00:00Z",-16.3630,-16.6787,-15.8409,0.0367,1800.0000,0.1304,0.0045,0
"2022-03-10T10:00:00Z","2022-03-10T10:30:00Z",-17.2361,-17.5974,-16.4742,0.0678,1800.0000,0.1304,0.0061,0
"2022-03-10T10:30:00Z","2022-03-10T11:00:00Z",-17.3450,-17.7937,-16.8775,0.0731,1800.0000,0.1303,0.0064,0
"2022-03-10T11:00:00Z","2022-03-10T11:30:00Z",-17.2467,-18.9591,-16.7797,0.4187,1800.0000,0.1332,0.0153,0
"2022-03-10T11:30:00Z","2022-03-10T12:00:00Z",-18.6735,-19.1533,-18.3028,0.0520,1800.0000,0.1295,0.0054,0
"2022-03-10T12:00:00Z","2022-03-10T12:30:00Z",-18.9912,-19.3279,-18.4616,0.0316,1800.0000,0.1292,0.0042,0
"2022-03-10T12:30:00Z","2022-03-10T13:00:00Z",-19.2405,-19.4700,-18.9269,0.0212,1800.0000,0.1290,0.0034,0
"2022-03-10T13:00:00Z","2022-03-10T13:30:00Z",-18.6839,-19.3431,-18.2120,0.0877,1800.0000,0.1298,0.0070,0
"2022-03-10T13:30:00Z","2022-03-10T14:00:00Z",-18.0873,-18.5352,-17.6106,0.0541,1800.0000,0.1298,0.0055,0
"2022-03-10T14:00:00Z","2022-03-10T14:30:00Z",-16.7350,-17.6083,-15.5197,0.3832,1800.0000,0.1334,0.0146,0
"2022-03-10T14:30:00Z","2022-03-10T15:00:00Z",-14.5599,-15.5472,-13.7154,0.4074,1800.0000,0.1344,0.0150,0
"2022-03-10T15:00:00Z","2022-03-10T15:30:00Z",-13.3660,-13.7843,-12.8270,0.0560,1800.0000,0.1318,0.0056,0
"2022-03-10T15:30:00Z","2022-03-10T16:00:00Z",-12.4096,-13.0363,-11.5503,0.1731,1800.0000,0.1333,0.0098,0
"2022-03-10T16:00:00Z","2022-03-10T16:30:00Z",-11.5997,-11.9699,-11.0021,0.0484,1800.0000,0.1325,0.0052,0
"2022-03-10T16:30:00Z","2022-03-10T17:00:00Z",-11.3469,-11.7709,-10.7755,0.0479,1800.0000,0.1326,0.0052,0
"2022-03-10T17:00:00Z","2022-03-10T17:30:00Z",-11.2688,-11.8107,-10.3338,0.0740,1800.0000,0.1330,0.0064,0
"2022-03-10T17:30:00Z","2022-03-10T18:00:00Z",-10.8000,-11.4433,-9.7694,0.1729,1800.0000,0.1341,0.0098,0
"2022-03-10T18:00:00Z","2022-03-10T18:30:00Z",-10.4345,-10.9800,-9.5046,0.0649,1800.0000,0.1333,0.0060,0
"2022-03-10T18:30:00Z","2022-03-10T19:00:00Z",-10.3076,-10.8778,-9.3704,0.0749,1800.0000,0.1334,0.0065,0
"2022-03-10T19:00:00Z","2022-03-10T19:30:00Z",-9.9542,-10.4277,-9.4173,0.0697,1800.0000,0.1334,0.0062,0
"2022-03-10T19:30:00Z","2022-03-10T20:00:00Z",-10.5490,-11.0585,-9.9304,0.0754,1800.0000,0.1332,0.0065,0
"2022-03-10T20:00:00Z","2022-03-10T20:30:00Z",-10.4255,-10.9067,-10.0296,0.0420,1800.0000,0.1329,0.0048,0
"2022-03-10T20:30:00Z","2022-03-10T21:00:00Z",-10.5962,-11.1480,-9.9701,0.0733,1800.0000,0.1332,0.0064,0
"2022-03-10T21:00:00Z","2022-03-10T21:30:00Z",-11.1601,-11.6855,-10.4268,0.1001,1800.0000,0.1332,0.0075,0
"2022-03-10T21:30:00Z","2022-03-10T22:00:00Z",-11.3018,-11.7259,-10.8755,0.0397,1800.0000,0.1325,0.0047,0
"2022-03-10T22:00:00Z","2022-03-10T22:30:00Z",-11.6649,-12.4939,-10.9157,0.1091,1800.0000,0.1331,0.0078,0
"2022-03-10T22:30:00Z","2022-03-10T23:00:00Z",-12.2411,-12.6905,-11.8547,0.0369,1800.0000,0.1321,0.0045,0
"2022-03-10T23:00:00Z","2022-03-10T23:30:00Z",-13.0531,-13.6367,-12.4199,0.0771,1800.0000,0.1322,0.0065,0
"2022-03-10T23:30:00Z","2022-03-11T00:00:00Z",-14.0054,-15.1245,-13.0444,0.2220,1800.0000,0.1331,0.0111,0
"2022-03-11T00:00:00Z","2022-03-11T00:30:00Z",-15.8163,-17.2108,-14.5491,0.7394,1800.0000,0.1368,0.0203,0
"2022-03-11T00:30:00Z","2022-03-11T01:00:00Z",-16.9300,-17.9426,-15.4955,0.4668,1800.0000,0.1341,0.0161,0
"2022-03-11T01:00:00Z","2022-03-11T01:30:00Z",-17.2221,-18.2194,-15.6401,0.4526,1800.0000,0.1340,0.0159,0
"2022-03-11T01:30:00Z","2022-03-11T02:00:00Z",-16.8591,-17.9911,-15.4840,0.2827,1800.0000,0.1326,0.0125,0
"2022-03-11T02:00:00Z","2022-03-11T02:30:00Z",-16.0751,-16.8652,-15.3919,0.0973,1800.0000,0.1311,0.0074,0
"2022-03-11T02:30:00Z","2022-03-11T03:00:00Z",-15.7950,-16.9931,-15.2688,0.0765,1800.0000,0.1310,0.0065,0
"2022-03-11T03:00:00Z","2022-03-11T03:30:00Z",-16.4686,-17.4857,-15.7627,0.0830,1800.0000,0.1308,0.0068,0
"2022-03-11T03:30:00Z","2022-03-11T04:00:00Z",-19.2879,-20.7692,-16.5588,0.6507,1800.0000,0.1352,0.0190,0
"2022-03-11T04:00:00Z","2022-03-11T04:30:00Z",-21.2460,-21.5437,-20.4869,0.0532,1800.0000,0.1286,0.0054,0
"2022-03-11T04:30:00Z","2022-03-11T05:00:00Z",-21.2309,-21.5390,-20.9246,0.0176,1800.0000,0.1281,0.0031,0
"2022-03-11T05:00:00Z","2022-03-11T05:30:00Z",-21.4548,-21.8896,-21.0196,0.0707,1800.0000,0.1285,0.0063,0
"2022-03-11T05:30:00Z","2022-03-11T06:00:00Z",-22.2103,-22.6949,-21.8285,0.0625,1800.0000,0.1281,0.0059,0
"2022-03-11T06:00:00Z","2022-03-11T06:30:00Z",-23.1163,-23.4289,-22.6091,0.0283,1800.0000,0.1275,0.0040,0
"2022-03-11T06:30:00Z","2022-03-11T07:00:00Z",-23.4631,-23.8307,-23.0081,0.0390,1800.0000,0.1274,0.0047,0
"2022-03-11T07:00:00Z","2022-03-11T07:30:00Z",-23.9668,-24.4885,-23.5313,0.0390,1800.0000,0.1272,0.0047,0
"2022-03-11T07:30:00Z","2022-03-11T08:00:00Z",-24.1196,-24.5877,-23.7479,0.0400,1800.0000,0.1271,0.0047,0
"2022-03-11T08:00:00Z","2022-03-11T08:30:00Z",-24.3178,-24.7121,-23.8780,0.0441,1800.0000,0.1271,0.0049,0
"2022-03-11T08:30:00Z","2022-03-11T09:00:00Z",-24.4593,-24.8345,-24.0812,0.0280,1800.0000,0.1269,0.0039,0
"2022-03-11T09:00:00Z","2022-03-11T09:30:00Z",-24.6063,-25.2401,-23.9584,0.0986,1800.0000,0.1275,0.0074,0
"2022-03-11T09:30:00Z","2022-03-11T10:00:00Z",-24.2412,-24.7029,-23.5952,0.0914,1800.0000,0.1276,0.0071,0
"2022-03-11T10:00:00Z","2022-03-11T10:30:00Z",-21.1511,-24.0393,-17.9098,3.8296,1800.0000,0.1588,0.0461,0
"2022-03-11T10:30:00Z","2022-03-11T11:00:00Z",-17.7201,-18.7333,-16.6199,0.2880,1800.0000,0.1322,0.0126,0
"2022-03-11T11:00:00Z","2022-03-11T11:30:00Z",-18.2076,-19.4244,-16.2914,0.6696,1800.0000,0.1355,0.0193,0
"2022-03-11T11:30:00Z","2022-03-11T12:00:00Z",-18.4953,-20.4697,-15.8914,2.3496,1800.0000,0.1488,0.0361,0
"2022-03-11T12:00:00Z","2022-03-11T12:30:00Z",-16.7948,-17.4270,-16.2216,0.0873,1800.0000,0.1307,0.0070,0
"2022-03-11T12:30:00Z","2022-03-11T13:00:00Z",-16.5493,-17.6195,-15.5371,0.2751,1800.0000,0.1325,0.0124,0
"2022-03-11T13:00:00Z","2022-03-11T13:30:00Z",-15.4242,-16.7951,-14.8071,0.2438,1800.0000,0.1326,0.0116,0
"2022-03-11T13:30:00Z","2022-03-11T14:00:00Z",-14.6652,-15.1726,-14.2512,0.0385,1800.0000,0.1311,0.0046,0
"2022-03-11T14:00:00Z","2022-03-11T14:30:00Z",-14.2553,-14.7493,-13.8357,0.0438,1800.0000,0.1313,0.0049,0
"2022-03-11T14:30:00Z","2022-03-11T15:00:00Z",-13.8414,-14.3368,-13.3724,0.0485,1800.0000,0.1315,0.0052,0
"2022-03-11T15:00:00Z","2022-03-11T15:30:00Z",-12.9660,-13.7080,-12.2648,0.1181,1800.0000,0.1326,0.0081,0
"2022-03-11T15:30:00Z","2022-03-11T16:00:00Z",-11.7310,-12.5012,-10.8247,0.2381,1800.0000,0.1342,0.0115,0
"2022-03-11T16:00:00Z","2022-03-11T16:30:00Z",-10.7376,-11.6436,-10.0341,0.1137,1800.0000,0.1335,0.0079,0
"2022-03-11T16:30:00Z","2022-03-11T17:00:00Z",-10.2733,-11.0839,-9.5076,0.1507,1800.0000,0.1340,0.0091,0
"2022-03-11T17:00:00Z","2022-03-11T17:30:00Z",-9.8964,-10.6827,-9.3294,0.1063,1800.0000,0.1337,0.0077,0
"2022-03-11T17:30:00Z","2022-03-11T18:00:00Z",-10.8779,-11.4486,-9.8460,0.2137,1800.0000,0.1344,0.0109,0
"2022-03-11T18:00:00Z","2022-03-11T18:30:00Z",-9.6684,-10.2280,-9.0484,0.0748,1800.0000,0.1336,0.0064,0
"2022-03-11T18:30:00Z","2022-03-11T19:00:00Z",-9.0975,-9.9103,-7.8452,0.1374,1800.0000,0.1346,0.0087,0
"2022-03-11T19:00:00Z","2022-03-11T19:30:00Z",-8.1766,-8.9506,-7.2557,0.1317,1800.0000,0.1348,0.0086,0
"2022-03-11T19:30:00Z","2022-03-11T20:00:00Z",-7.8019,-8.5104,-6.9161,0.1018,1800.0000,0.1347,0.0075,0
"2022-03-11T20:00:00Z","2022-03-11T20:30:00Z",-7.6403,-8.3301,-7.0142,0.1348,1800.0000,0.1349,0.0087,0
"2022-03-11T20:30:00Z","2022-03-11T21:00:00Z",-6.8836,-7.9513,-6.0351,0.1754,1800.0000,0.1356,0.0099,0
"2022-03-11T21:00:00Z","2022-03-11T21:30:00Z",-7.0155,-7.5468,-6.4283,0.0632,1800.0000,0.1346,0.0059,0
"2022-03-11T21:30:00Z","2022-03-11T22:00:00Z",-7.1486,-7.5530,-6.7162,0.0277,1800.0000,0.1341,0.0039,0
"2022-03-11T22:00:00Z","2022-03-11T22:30:00Z",-7.3453,-7.8252,-6.8364,0.0468,1800.0000,0.1343,0.0051,0
"2022-03-11T22:30:00Z","2022-03-11T23:00:00Z",-7.8764,-8.6046,-7.1924,0.0727,1800.0000,0.1343,0.0064,0
"2022-03-11T23:00:00Z","2022-03-11T23:30:00Z",-8.6229,-9.1488,-7.9222,0.0839,1800.0000,0.1341,0.0068,0
"2022-03-11T23:30:00Z","2022-03-12T00:00:00Z",-9.1890,-10.0511,-8.0453,0.3199,1800.0000,0.1360,0.0133,0
"2022-03-12T00:00:00Z","2022-03-12T00:30:00Z",-9.1734,-10.0914,-8.2817,0.2117,1800.0000,0.1350,0.0108,0
"2022-03-12T00:30:00Z","2022-03-12T01:00:00Z",-9.6110,-10.3967,-8.8693,0.1083,1800.0000,0.1339,0.0078,0
"2022-03-12T01:00:00Z","2022-03-12T01:30:00Z",-8.9280,-9.3265,-8.3348,0.0439,1800.0000,0.1336,0.0049,0
"2022-03-12T01:30:00Z","2022-03-12T02:00:00Z",-8.8442,-9.2537,-8.5218,0.0197,1800.0000,0.1333,0.0033,0
"2022-03-12T02:00:00Z","2022-03-12T02:30:00Z",-8.3683,-9.0010,-7.6169,0.1096,1800.0000,0.1344,0.0078,0
"2022-03-12T02:30:00Z","2022-03-12T03:00:00Z",-7.2641,-7.7478,-6.6644,0.0683,1800.0000,0.1345,0.0062,0
"2022-03-12T03:00:00Z","2022-03-12T03:30:00Z",-7.1723,-7.7208,-6.7077,0.0325,1800.0000,0.1342,0.0042,0
"2022-03-12T03:30:00Z","2022-03-12T04:00:00Z",-7.6293,-8.2712,-6.6820,0.1068,1800.0000,0.1348,0.0077,0
"2022-03-12T04:00:00Z","2022-03-12T04:30:00Z",-7.9512,-8.6259,-7.3531,0.0911,1800.0000,0.1344,0.0071,0
"2022-03-12T04:30:00Z","2022-03-12T05:00:00Z",-8.1377,-8.5551,-7.7191,0.0428,1800.0000,0.1338,0.0049,0
"2022-03-12T05:00:00Z","2022-03-12T05:30:00Z",-7.6793,-8.5069,-6.7151,0.2594,1800.0000,0.1361,0.0120,0
"2022-03-12T05:30:00Z","2022-03-12T06:00:00Z",-7.2754,-7.6940,-6.6945,0.0454,1800.0000,0.1343,0.0050,0
"2022-03-12T06:00:00Z","2022-03-12T06:30:00Z",-6.8527,-7.3040,-6.3613,0.0381,1800.0000,0.1344,0.0046,0
"2022-03-12T06:30:00Z","2022-03-12T07:00:00Z",-6.2425,-6.8088,-5.8740,0.0295,1800.0000,0.1345,0.0041,0
"2022-03-12T07:00:00Z","2022-03-12T07:30:00Z",-5.9379,-6.5917,-5.1321,0.0871,1800.0000,0.1353,0.0070,0
"2022-03-12T07:30:00Z","2022-03-12T08:00:00Z",-5.6753,-6.3055,-5.1064,0.0718,1800.0000,0.1352,0.0063,0
"2022-03-12T08:00:00Z","2022-03-12T08:30:00Z",-5.6205,-6.4845,-4.8903,0.1150,1800.0000,0.1356,0.0080,0
"2022-03-12T08:30:00Z","2022-03-12T09:00:00Z",-5.5375,-6.4299,-4.9352,0.1251,1800.0000,0.1357,0.0083,0
"2022-03-12T09:00:00Z","2022-03-12T09:30:00Z",-5.3299,-6.1527,-4.8201,0.0945,1800.0000,0.1355,0.0072,0
"2022-03-12T09:30:00Z","2022-03-12T10:00:00Z",-6.1837,-6.9979,-5.5534,0.1533,1800.0000,0.1357,0.0092,0
"2022-03-12T10:00:00Z","2022-03-12T10:30:00Z",-6.7840,-7.2105,-6.4053,0.0297,1800.0000,0.1343,0.0041,0
"2022-03-12T10:30:00Z","2022-03-12T11:00:00Z",-6.5359,-7.0874,-6.1327,0.0426,1800.0000,0.1345,0.0049,0
"2022-03-12T11:00:00Z","2022-03-12T11:30:00Z",-6.2885,-6.7336,-5.7611,0.0392,1800.0000,0.1346,0.0047,0
"2022-03-12T11:30:00Z","2022-03-12T12:00:00Z",-6.0788,-6.4734,-5.6768,0.0336,1800.0000,0.1346,0.0043,0
"2022-03-12T12:00:00Z","2022-03-12T12:30:00Z",-5.7487,-6.5132,-4.5199,0.2930,1800.0000,0.1372,0.0128,0
"2022-03-12T12:30:00Z","2022-03-12T13:00:00Z",-4.3020,-5.1297,-3.4609,0.1565,1800.0000,0.1366,0.0093,0
"2022-03-12T13:00:00Z","2022-03-12T13:30:00Z",-4.0296,-5.0241,-3.2713,0.1932,1800.0000,0.1369,0.0104,0
"2022-03-12T13:30:00Z","2022-03-12T14:00:00Z",-5.0188,-6.3725,-3.6910,0.2434,1800.0000,0.1372,0.0116,0
"2022-03-12T14:00:00Z","2022-03-12T14:30:00Z",-5.0643,-5.6128,-3.8562,0.1774,1800.0000,0.1366,0.0099,0
"2022-03-12T14:30:00Z","2022-03-12T15:00:00Z",-2.6677,-3.9988,-1.8676,0.2726,1800.0000,0.1382,0.0123,0
"2022-03-12T15:00:00Z","2022-03-12T15:30:00Z",-1.7113,-2.3376,-0.7792,0.1118,1800.0000,0.1373,0.0079,0
"2022-03-12T15:30:00Z","2022-03-12T16:00:00Z",-1.2121,-2.4539,-0.6116,0.1203,1800.0000,0.1375,0.0082,0
"2022-03-12T16:00:00Z","2022-03-12T16:30:00Z",-0.6425,-1.3208,0.1881,0.1223,1800.0000,0.1378,0.0082,0
"2022-03-12T16:30:00Z","2022-03-12T17:00:00Z",-0.2843,-1.2159,0.7041,0.1789,1800.0000,0.1385,0.0100,0
"2022-03-12T17:00:00Z","2022-03-12T17:30:00Z",-1.2874,-2.2478,-0.1959,0.2916,1800.0000,0.1390,0.0127,0
"2022-03-12T17:30:00Z","2022-03-12T18:00:00Z",-2.1712,-2.7501,-1.4865,0.0571,1800.0000,0.1366,0.0056,0
"2022-03-12T18:00:00Z","2022-03-12T18:30:00Z",-1.0934,-1.6860,-0.3825,0.0836,1800.0000,0.1373,0.0068,0
"2022-03-12T18:30:00Z","2022-03-12T19:00:00Z",-0.3391,-1.1209,0.5121,0.1338,1800.0000,0.1380,0.0086,0
"2022-03-12T19:00:00Z","2022-03-12T19:30:00Z",0.3553,-0.3029,0.9489,0.1030,930.0000,0.1388,0.0105,1
"2022-03-12T19:30:00Z","2022-03-12T20:00:00Z",,,,,,,,1
"2022-03-12T20:00:00Z","2022-03-12T20:30:00Z",,,,,,,,1
"2022-03-12T20:30:00Z","2022-03-12T21:00:00Z",,,,,,,,1
"2022-03-12T21:00:00Z","2022-03-12T21:30:00Z",,,,,,,,1
"2022-03-12T21:30:00Z","2022-03-12T22:00:00Z",,,,,,,,1
"2022-03-12T22:00:00Z","2022-03-12T22:30:00Z",,,,,,,,1
"2022-03-12T22:30:00Z","2022-03-12T23:00:00Z",,,,,,,,1
"2022-03-12T23:00:00Z","2022-03-12T23:30:00Z",,,,,,,,1
"2022-03-12T23:30:00Z","2022-03-13T00:00:00Z",,,,,,,,1
"2022-03-13T00:00:00Z","2022-03-13T00:30:00Z",,,,,,,,1
"2022-03-13T00:30:00Z","2022-03-13T01:00:00Z",,,,,,,,1
"2022-03-13T01:00:00Z","2022-03-13T01:30:00Z",,,,,,,,1
"2022-03-13T01:30:00Z","2022-03-13T02:00:00Z",,,,,,,,1
"2022-03-13T02:00:00Z","2022-03-13T02:30:00Z",,,,,,,,1
"2022-03-13T02:30:00Z","2022-03-13T03:00:00Z",,,,,,,,1
"2022-03-13T03:00:00Z","2022-03-13T03:30:00Z",,,,,,,,1
"2022-03-13T03:30:00Z","2022-03-13T04:00:00Z",,,,,,,,1
"2022-03-13T04:00:00Z","2022-03-13T04:30:00Z",,,,,,,,1
"2022-03-13T04:30:00Z","2022-03-13T05:00:00Z",,,,,,,,1
"2022-03-13T05:00:00Z","2022-03-13T05:30:00Z",,,,,,,,1
"2022-03-13T05:30:00Z","2022-03-13T06:00:00Z",,,,,,,,1
"2022-03-13T06:00:00Z","2022-03-13T06:30:00Z",,,,,,,,1
"2022-03-13T06:30:00Z","2022-03-13T07:00:00Z",,,,,,,,1
"2022-03-13T07:00:00Z","2022-03-13T07:30:00Z",,,,,,,,1
"2022-03-13T07:30:00Z","2022-03-13T08:00:00Z",,,,,,,,1
"2022-03-13T08:00:00Z","2022-03-13T08:30:00Z",,,,,,,,1
"2022-03-13T08:30:00Z","2022-03-13T09:00:00Z",,,,,,,,1
"2022-03-13T09:00:00Z","2022-03-13T09:30:00Z",,,,,,,,1
"2022-03-13T09:30:00Z","2022-03-13T10:00:00Z",,,,,,,,1
"2022-03-13T10:00:00Z","2022-03-13T10:30:00Z",,,,,,,,1
"2022-03-13T10:30:00Z","2022-03-13T11:00:00Z",,,,,,,,1
"2022-03-13T11:00:00Z","2022-03-13T11:30:00Z",,,,,,,,1
"2022-03-13T11:30:00Z","2022-03-13T12:00:00Z",,,,,,,,1
"2022-03-13T12:00:00Z","2022-03-13T12:30:00Z",,,,,,,,1
"2022-03-13T12:30:00Z","2022-03-13T13:00:00Z",,,,,,,,1
"2022-03-13T13:00:00Z","2022-03-13T13:30:00Z",,,,,,,,1
"2022-03-13T13:30:00Z","2022-03-13T14:00:00Z",,,,,,,,1
"2022-03-13T14:00:00Z","2022-03-13T14:30:00Z",,,,,,,,1
"2022-03-13T14:30:00Z","2022-03-13T15:00:00Z",,,,,,,,1
"2022-03-13T15:00:00Z","2022-03-13T15:30:00Z",,,,,,,,1
"2022-03-13T15:30:00Z","2022-03-13T16:00:00Z",0.2088,0.0153,0.3361,0.0088,180.0000,0.1376,0.0070,1
"2022-03-13T16:00:00Z","2022-03-13T16:30:00Z",0.3784,-0.2690,1.3868,0.1199,1800.0000,0.1383,0.0082,0
"2022-03-13T16:30:00Z","2022-03-13T17:00:00Z",0.9978,0.4629,1.6662,0.0980,1800.0000,0.1382,0.0074,0
"2022-03-13T17:00:00Z","2022-03-13T17:30:00Z",1.5235,0.8707,2.2673,0.0896,1800.0000,0.1384,0.0071,0
"2022-03-13T17:30:00Z","2022-03-13T18:00:00Z",2.4969,1.6206,3.4864,0.1805,1800.0000,0.1397,0.0100,0
"2022-03-13T18:00:00Z","2022-03-13T18:30:00Z",3.0370,2.2628,4.2249,0.1714,1800.0000,0.1399,0.0098,0
"2022-03-13T18:30:00Z","2022-03-13T19:00:00Z",3.8273,3.0174,4.4785,0.1171,1800.0000,0.1396,0.0081,0
"2022-03-13T19:00:00Z","2022-03-13T19:30:00Z",4.3524,3.3458,5.1962,0.1513,1800.0000,0.1402,0.0092,0
"2022-03-13T19:30:00Z","2022-03-13T20:00:00Z",3.8849,3.0600,4.9604,0.1777,1800.0000,0.1403,0.0099,0
"2022-03-13T20:00:00Z","2022-03-13T20:30:00Z",3.4880,2.8869,4.1552,0.0798,1800.0000,0.1391,0.0067,0
"2022-03-13T20:30:00Z","2022-03-13T21:00:00Z",3.2172,2.5702,4.6766,0.2202,1800.0000,0.1405,0.0111,0
"2022-03-13T21:00:00Z","2022-03-13T21:30:00Z",2.9227,2.4357,3.6170,0.0711,1800.0000,0.1388,0.0063,0
"2022-03-13T21:30:00Z","2022-03-13T22:00:00Z",2.8337,2.0986,3.6706,0.0960,1800.0000,0.1391,0.0073,0
"2022-03-13T22:00:00Z","2022-03-13T22:30:00Z",2.3412,1.7756,3.0916,0.1231,1800.0000,0.1390,0.0083,0
"2022-03-13T22:30:00Z","2022-03-13T23:00:00Z",1.7848,1.2214,2.3520,0.1015,1800.0000,0.1386,0.0075,0
"2022-03-13T23:00:00Z","2022-03-13T23:30:00Z",1.1837,0.8586,1.5327,0.0233,1800.0000,0.1376,0.0036,0
"2022-03-13T23:30:00Z","2022-03-14T00:00:00Z",0.8446,0.5463,1.1640,0.0122,1800.0000,0.1373,0.0026,0
"2022-03-14T00:00:00Z","2022-03-14T00:30:00Z",0.5083,-0.1037,0.8679,0.0488,1800.0000,0.1375,0.0052,0
"2022-03-14T00:30:00Z","2022-03-14T01:00:00Z",-0.1539,-0.6087,0.2075,0.0498,1800.0000,0.1372,0.0053,0
"2022-03-14T01:00:00Z","2022-03-14T01:30:00Z",-0.8749,-1.2976,-0.3928,0.0681,1800.0000,0.1371,0.0062,0
"2022-03-14T01:30:00Z","2022-03-14T02:00:00Z",-1.6507,-2.0546,-1.2448,0.0481,1800.0000,0.1366,0.0052,0
"2022-03-14T02:00:00Z","2022-03-14T02:30:00Z",-2.2940,-2.4404,-1.8752,0.0208,1800.0000,0.1361,0.0034,0
"2022-03-14T02:30:00Z","2022-03-14T03:00:00Z",-2.3393,-2.4237,-2.2693,0.0013,1800.0000,0.1358,0.0009,0
"2022-03-14T03:00:00Z","2022-03-14T03:30:00Z",-2.3967,-2.5985,-2.2588,0.0045,1800.0000,0.1358,0.0016,0
"2022-03-14T03:30:00Z","2022-03-14T04:00:00Z",-2.5649,-2.8638,-2.2317,0.0285,1800.0000,0.1360,0.0040,0
"2022-03-14T04:00:00Z","2022-03-14T04:30:00Z",-3.1988,-3.4602,-2.7267,0.0231,1800.0000,0.1358,0.0036,0
"2022-03-14T04:30:00Z","2022-03-14T05:00:00Z",-3.5649,-3.8151,-3.2630,0.0168,1800.0000,0.1355,0.0031,0
"2022-03-14T05:00:00Z","2022-03-14T05:30:00Z",-3.5911,-3.8597,-3.2854,0.0114,1800.0000,0.1355,0.0025,0
"2022-03-14T05:30:00Z","2022-03-14T06:00:00Z",-3.5514,-3.7242,-3.3756,0.0049,1800.0000,0.1354,0.0016,0
"2022-03-14T06:00:00Z","2022-03-14T06:30:00Z",-3.5546,-3.7643,-3.2586,0.0117,1800.0000,0.1355,0.0025,0
"2022-03-14T06:30:00Z","2022-03-14T07:00:00Z",-3.7885,-4.0129,-3.5566,0.0074,1800.0000,0.1353,0.0020,0
"2022-03-14T07:00:00Z","2022-03-14T07:30:00Z",-3.8082,-4.1089,-3.5513,0.0126,1800.0000,0.1354,0.0026,0
"2022-03-14T07:30:00Z","2022-03-14T08:00:00Z",-4.0926,-4.4918,-3.7136,0.0300,1800.0000,0.1354,0.0041,0
"2022-03-14T08:00:00Z","2022-03-14T08:30:00Z",-4.4769,-4.7297,-4.1598,0.0135,1800.0000,0.1351,0.0027,0
"2022-03-14T08:30:00Z","2022-03-14T09:00:00Z",-4.8767,-5.4588,-4.5024,0.0480,1800.0000,0.1352,0.0052,0
"2022-03-14T09:00:00Z","2022-03-14T09:30:00Z",-5.2409,-5.4348,-4.9810,0.0083,1800.0000,0.1347,0.0021,0
"2022-03-14T09:30:00Z","2022-03-14T10:00:00Z",-5.4673,-5.9264,-5.2858,0.0087,1800.0000,0.1346,0.0022,0
"2022-03-14T10:00:00Z","2022-03-14T10:30:00Z",-5.8271,-6.2910,-5.3937,0.0456,1800.0000,0.1348,0.0050,0
"2022-03-14T10:30:00Z","2022-03-14T11:00:00Z",-6.0248,-6.4209,-5.7307,0.0140,1800.0000,0.1344,0.0028,0
"2022-03-14T11:00:00Z","2022-03-14T11:30:00Z",-6.1285,-6.7798,-5.7528,0.0518,1800.0000,0.1347,0.0054,0
"2022-03-14T11:30:00Z","2022-03-14T12:00:00Z",-6.2986,-6.8606,-5.9562,0.0265,1800.0000,0.1345,0.0038,0
"2022-03-14T12:00:00Z","2022-03-14T12:30:00Z",-6.4838,-7.2370,-6.0693,0.0445,1800.0000,0.1346,0.0050,0
"2022-03-14T12:30:00Z","2022-03-14T13:00:00Z",-6.3923,-6.7133,-6.0626,0.0169,1800.0000,0.1343,0.0031,0
"2022-03-14T13:00:00Z","2022-03-14T13:30:00Z",-6.4230,-7.0026,-6.0989,0.0365,1800.0000,0.1345,0.0045,0
"2022-03-14T13:30:00Z","2022-03-14T14:00:00Z",-6.0543,-6.7504,-5.7581,0.0340,1800.0000,0.1346,0.0043,0
"2022-03-14T14:00:00Z","2022-03-14T14:30:00Z",-5.5176,-6.3485,-4.9073,0.1020,1800.0000,0.1355,0.0075,0
"2022-03-14T14:30:00Z","2022-03-14T15:00:00Z",-4.6693,-5.2811,-3.9756,0.0955,1800.0000,0.1359,0.0073,0
"2022-03-14T15:00:00Z","2022-03-14T15:30:00Z",-3.8641,-4.4176,-3.4611,0.0563,1800.0000,0.1357,0.0056,0
"2022-03-14T15:30:00Z","2022-03-14T16:00:00Z",-2.8276,-3.6690,-1.4880,0.4100,1800.0000,0.1394,0.0151,0
"2022-03-14T16:00:00Z","2022-03-14T16:30:00Z",-0.9947,-1.7576,0.1134,0.1452,1800.0000,0.1380,0.0090,0
"2022-03-14T16:30:00Z","2022-03-14T17:00:00Z",-0.4949,-1.2017,0.0343,0.0514,1800.0000,0.1372,0.0053,0
"2022-03-14T17:00:00Z","2022-03-14T17:30:00Z",-0.4060,-0.8727,0.3554,0.0639,1800.0000,0.1374,0.0060,0
"2022-03-14T17:30:00Z","2022-03-14T18:00:00Z",0.3482,-0.3894,0.9506,0.0811,1800.0000,0.1378,0.0067,0
"2022-03-14T18:00:00Z","2022-03-14T18:30:00Z",0.7303,-0.0362,1.1725,0.0528,1800.0000,0.1377,0.0054,0
"2022-03-14T18:30:00Z","2022-03-14T19:00:00Z",1.0494,0.2324,1.8279,0.1142,1800.0000,0.1384,0.0080,0
"2022-03-14T19:00:00Z","2022-03-14T19:30:00Z",1.6247,0.8239,2.1441,0.1032,1800.0000,0.1385,0.0076,0
"2022-03-14T19:30:00Z","2022-03-14T20:00:00Z",1.6299,1.0989,2.2639,0.0696,1800.0000,0.1383,0.0062,0
"2022-03-14T20:00:00Z","2022-03-14T20:30:00Z",1.7245,1.1980,2.1601,0.0456,1800.0000,0.1380,0.0050,0
"2022-03-14T20:30:00Z","2022-03-14T21:00:00Z",1.7377,1.2260,2.4165,0.0717,1800.0000,0.1383,0.0063,0
"2022-03-14T21:00:00Z","2022-03-14T21:30:00Z",1.9353,1.3515,2.5653,0.0559,1800.0000,0.1383,0.0056,0
"2022-03-14T21:30:00Z","2022-03-14T22:00:00Z",1.7341,1.1731,2.3310,0.0760,1800.0000,0.1383,0.0065,0
"2022-03-14T22:00:00Z","2022-03-14T22:30:00Z",1.6747,1.2147,2.2624,0.0511,1800.0000,0.1381,0.0053,0
"2022-03-14T22:30:00Z","2022-03-14T23:00:00Z",1.3547,0.9485,1.7227,0.0221,1800.0000,0.1377,0.0035,0
"2022-03-14T23:00:00Z","2022-03-14T23:30:00Z",1.1253,0.6308,1.6986,0.0594,1800.0000,0.1379,0.0057,0
"2022-03-14T23:30:00Z","2022-03-15T00:00:00Z",0.2937,-0.8852,1.0963,0.2331,1800.0000,0.1391,0.0114,0
"2022-03-15T00:00:00Z","2022-03-15T00:30:00Z",-1.0910,-1.6649,-0.2637,0.1190,1800.0000,0.1376,0.0081,0
"2022-03-15T00:30:00Z","2022-03-15T01:00:00Z",-2.0913,-2.9449,-1.1224,0.1723,1800.0000,0.1377,0.0098,0
"2022-03-15T01:00:00Z","2022-03-15T01:30:00Z",-3.0821,-4.0064,-2.1530,0.2247,1800.0000,0.1377,0.0112,0
"2022-03-15T01:30:00Z","2022-03-15T02:00:00Z",-4.0833,-4.3447,-3.7057,0.0188,1800.0000,0.1353,0.0032,0
"2022-03-15T02:00:00Z","2022-03-15T02:30:00Z",-4.6546,-5.1826,-4.2825,0.0684,1800.0000,0.1355,0.0062,0
"2022-03-15T02:30:00Z","2022-03-15T03:00:00Z",-5.3054,-5.8559,-4.7923,0.1045,1800.0000,0.1356,0.0076,0
"2022-03-15T03:00:00Z","2022-03-15T03:30:00Z",-6.1031,-6.5054,-5.5953,0.0364,1800.0000,0.1347,0.0045,0
"2022-03-15T03:30:00Z","2022-03-15T04:00:00Z",-6.6766,-7.0380,-6.0993,0.0404,1800.0000,0.1345,0.0047,0
"2022-03-15T04:00:00Z","2022-03-15T04:30:00Z",-7.0941,-7.3687,-6.6558,0.0380,1800.0000,0.1343,0.0046,0
"2022-03-15T04:30:00Z","2022-03-15T05:00:00Z",-7.4691,-7.7963,-7.1378,0.0290,1800.0000,0.1340,0.0040,0
"2022-03-15T05:00:00Z","2022-03-15T05:30:00Z",-7.9282,-8.2890,-7.6678,0.0275,1800.0000,0.1337,0.0039,0
"2022-03-15T05:30:00Z","2022-03-15T06:00:00Z",-8.3240,-8.6253,-7.9816,0.0349,1800.0000,0.1337,0.0044,0
"2022-03-15T06:00:00Z","2022-03-15T06:30:00Z",-8.6129,-8.9064,-8.3699,0.0194,1800.0000,0.1334,0.0033,0
"2022-03-15T06:30:00Z","2022-03-15T07:00:00Z",-8.7000,-8.8764,-8.4514,0.0116,1800.0000,0.1333,0.0025,0
"2022-03-15T07:00:00Z","2022-03-15T07:30:00Z",-8.1640,-8.7994,-7.3470,0.0726,1800.0000,0.1343,0.0064,0
"2022-03-15T07:30:00Z","2022-03-15T08:00:00Z",-7.6591,-8.1758,-5.7730,0.2272,1800.0000,0.1362,0.0112,0
"2022-03-15T08:00:00Z","2022-03-15T08:30:00Z",-7.8413,-8.4124,-5.0107,0.3804,1800.0000,0.1377,0.0145,0
"2022-03-15T08:30:00Z","2022-03-15T09:00:00Z",-7.7010,-8.4252,-6.1215,0.2844,1800.0000,0.1365,0.0126,0
"2022-03-15T09:00:00Z","2022-03-15T09:30:00Z",-4.9288,-7.2032,-3.0560,1.2667,1800.0000,0.1455,0.0265,0
"2022-03-15T09:30:00Z","2022-03-15T10:00:00Z",-4.7399,-5.9193,-3.3426,0.5345,1800.0000,0.1397,0.0172,0
"2022-03-15T10:00:00Z","2022-03-15T10:30:00Z",-4.9670,-6.2378,-2.9221,0.7894,1800.0000,0.1418,0.0209,0
"2022-03-15T10:30:00Z","2022-03-15T11:00:00Z",-5.6921,-6.3029,-4.3341,0.1665,1800.0000,0.1363,0.0096,0
"2022-03-15T11:00:00Z","2022-03-15T11:30:00Z",-5.2508,-6.0219,-3.1454,0.3696,1800.0000,0.1384,0.0143,0
"2022-03-15T11:30:00Z","2022-03-15T12:00:00Z",-3.9715,-5.6172,-2.2651,0.6180,1800.0000,0.1408,0.0185,0
"2022-03-15T12:00:00Z","2022-03-15T12:30:00Z",-2.8589,-4.0418,-1.5861,0.4609,1800.0000,0.1398,0.0160,0
"2022-03-15T12:30:00Z","2022-03-15T13:00:00Z",-3.8232,-4.6183,-2.0371,0.4221,1800.0000,0.1393,0.0153,0
"2022-03-15T13:00:00Z","2022-03-15T13:30:00Z",-3.2799,-4.3726,-1.8187,0.6149,1800.0000,0.1409,0.0185,0
"2022-03-15T13:30:00Z","2022-03-15T14:00:00Z",-2.7277,-3.5124,-1.8842,0.1174,1800.0000,0.1369,0.0081,0
"2022-03-15T14:00:00Z","2022-03-15T14:30:00Z",-2.6705,-3.3593,-1.9752,0.1072,1800.0000,0.1368,0.0077,0
"2022-03-15T14:30:00Z","2022-03-15T15:00:00Z",-2.7293,-3.5921,-2.1211,0.1199,1800.0000,0.1368,0.0082,0
"2022-03-15T15:00:00Z","2022-03-15T15:30:00Z",-2.0829,-3.8749,-0.3181,0.7101,1800.0000,0.1423,0.0199,0
"2022-03-15T15:30:00Z","2022-03-15T16:00:00Z",1.0432,-2.5383,3.9118,4.8778,1800.0000,0.1732,0.0521,0
"2022-03-15T16:00:00Z","2022-03-15T16:30:00Z",3.2676,1.8412,4.2018,0.2696,1800.0000,0.1407,0.0122,0
"2022-03-15T16:30:00Z","2022-03-15T17:00:00Z",3.2654,1.5342,4.0318,0.2182,1800.0000,0.1402,0.0110,0
"2022-03-15T17:00:00Z","2022-03-15T17:30:00Z",2.4564,1.3005,4.0538,0.2597,1800.0000,0.1405,0.0120,0
"2022-03-15T17:30:00Z","2022-03-15T18:00:00Z",2.2766,1.3239,3.9827,0.4311,1800.0000,0.1419,0.0155,0
"2022-03-15T18:00:00Z","2022-03-15T18:30:00Z",3.7633,2.5913,4.6989,0.2496,1800.0000,0.1407,0.0118,0
"2022-03-15T18:30:00Z","2022-03-15T19:00:00Z",4.5481,3.8743,5.1186,0.0744,1800.0000,0.1395,0.0064,0
"2022-03-15T19:00:00Z","2022-03-15T19:30:00Z",5.3555,4.1698,6.6019,0.2953,1800.0000,0.1419,0.0128,0
"2022-03-15T19:30:00Z","2022-03-15T20:00:00Z",5.4568,4.4204,6.6916,0.1360,1800.0000,0.1407,0.0087,0
"2022-03-15T20:00:00Z","2022-03-15T20:30:00Z",4.6262,3.9553,5.4000,0.0895,1800.0000,0.1397,0.0071,0
"2022-03-15T20:30:00Z","2022-03-15T21:00:00Z",4.1977,3.7371,4.6424,0.0339,1800.0000,0.1390,0.0043,0
"2022-03-15T21:00:00Z","2022-03-15T21:30:00Z",4.5044,3.6813,5.2986,0.1148,1800.0000,0.1399,0.0080,0
"2022-03-15T21:30:00Z","2022-03-15T22:00:00Z",4.5822,3.5163,5.2415,0.0846,1800.0000,0.1396,0.0069,0
"2022-03-15T22:00:00Z","2022-03-15T22:30:00Z",4.2965,3.6459,5.3139,0.0904,1800.0000,0.1397,0.0071,0
"2022-03-15T22:30:00Z","2022-03-15T23:00:00Z",3.5881,2.7536,4.2045,0.0735,1800.0000,0.1391,0.0064,0
"2022-03-15T23:00:00Z","2022-03-15T23:30:00Z",3.1310,2.5485,3.8593,0.0587,1800.0000,0.1389,0.0057,0
"2022-03-15T23:30:00Z","2022-03-16T00:00:00Z",2.7415,2.0701,3.4095,0.0642,1800.0000,0.1387,0.0060,0
"2022-03-16T00:00:00Z","2022-03-16T00:30:00Z",2.1944,1.3574,2.9772,0.0831,1800.0000,0.1387,0.0068,0
"2022-03-16T00:30:00Z","2022-03-16T01:00:00Z",1.6079,0.9742,2.1224,0.0454,1800.0000,0.1380,0.0050,0
"2022-03-16T01:00:00Z","2022-03-16T01:30:00Z",0.6168,-0.3844,1.7697,0.3898,1800.0000,0.1406,0.0147,0
"2022-03-16T01:30:00Z","2022-03-16T02:00:00Z",-0.2377,-1.0555,0.8490,0.2194,1800.0000,0.1389,0.0110,0
"2022-03-16T02:00:00Z","2022-03-16T02:30:00Z",-1.5843,-2.0432,-0.8495,0.0731,1800.0000,0.1370,0.0064,0
"2022-03-16T02:30:00Z","2022-03-16T03:00:00Z",-2.3841,-2.6765,-1.9708,0.0351,1800.0000,0.1362,0.0044,0
"2022-03-16T03:00:00Z","2022-03-16T03:30:00Z",-2.0062,-2.6608,-0.2729,0.2800,1800.0000,0.1389,0.0125,0
"2022-03-16T03:30:00Z","2022-03-16T04:00:00Z",0.2771,-1.7328,1.3079,0.3672,1800.0000,0.1402,0.0143,0
"2022-03-16T04:00:00Z","2022-03-16T04:30:00Z",0.2888,-0.4008,1.6098,0.1665,1800.0000,0.1388,0.0096,0
"2022-03-16T04:30:00Z","2022-03-16T05:00:00Z",0.2107,-0.4420,0.7110,0.0618,1800.0000,0.1376,0.0059,0
"2022-03-16T05:00:00Z","2022-03-16T05:30:00Z",-0.1410,-1.5182,0.7606,0.3558,1800.0000,0.1399,0.0141,0
"2022-03-16T05:30:00Z","2022-03-16T06:00:00Z",-0.3163,-1.4261,0.7009,0.4327,1800.0000,0.1405,0.0155,0
"2022-03-16T06:00:00Z","2022-03-16T06:30:00Z",0.3691,-0.5490,1.2469,0.1146,1800.0000,0.1382,0.0080,0
"2022-03-16T06:30:00Z","2022-03-16T07:00:00Z",0.2348,-0.5707,0.9981,0.1334,1800.0000,0.1382,0.0086,0
"2022-03-16T07:00:00Z","2022-03-16T07:30:00Z",0.4046,-0.6205,1.3699,0.1542,1800.0000,0.1386,0.0093,0
"2022-03-16T07:30:00Z","2022-03-16T08:00:00Z",0.6551,0.1410,1.2411,0.0623,1800.0000,0.1378,0.0059,0
"2022-03-16T08:00:00Z","2022-03-16T08:30:00Z",0.4289,-0.2540,1.1965,0.0865,1800.0000,0.1380,0.0069,0
"2022-03-16T08:30:00Z","2022-03-16T09:00:00Z",0.3628,-0.9216,1.6560,0.3033,1800.0000,0.1399,0.0130,0
"2022-03-16T09:00:00Z","2022-03-16T09:30:00Z",0.0301,-0.8486,1.0987,0.1768,1800.0000,0.1386,0.0099,0
"2022-03-16T09:30:00Z","2022-03-16T10:00:00Z",-0.2379,-1.2288,0.8572,0.1432,1800.0000,0.1383,0.0089,0
"2022-03-16T10:00:00Z","2022-03-16T10:30:00Z",-0.3247,-1.4801,0.7916,0.1642,1800.0000,0.1384,0.0096,0
"2022-03-16T10:30:00Z","2022-03-16T11:00:00Z",-0.6474,-1.8230,0.7464,0.3747,1800.0000,0.1401,0.0144,0
"2022-03-16T11:00:00Z","2022-03-16T11:30:00Z",-1.1658,-1.8758,-0.2717,0.1659,1800.0000,0.1380,0.0096,0
"2022-03-16T11:30:00Z","2022-03-16T12:00:00Z",-0.5279,-1.3957,0.3298,0.2042,1800.0000,0.1385,0.0107,0
"2022-03-16T12:00:00Z","2022-03-16T12:30:00Z",-0.7382,-1.3913,0.7201,0.1847,1800.0000,0.1385,0.0101,0
"2022-03-16T12:30:00Z","2022-03-16T13:00:00Z",-1.3112,-1.7400,-1.0436,0.0255,1800.0000,0.1365,0.0038,0
"2022-03-16T13:00:00Z","2022-03-16T13:30:00Z",-1.6207,-1.8257,-1.1831,0.0151,1800.0000,0.1364,0.0029,0
"2022-03-16T13:30:00Z","2022-03-16T14:00:00Z",-1.7032,-1.8436,-1.5285,0.0041,1800.0000,0.1361,0.0015,0
"2022-03-16T14:00:00Z","2022-03-16T14:30:00Z",-1.5549,-1.7170,-1.2832,0.0119,1800.0000,0.1363,0.0026,0
"2022-03-16T14:30:00Z","2022-03-16T15:00:00Z",-1.1105,-1.5091,-0.5842,0.0606,1800.0000,0.1370,0.0058,0
"2022-03-16T15:00:00Z","2022-03-16T15:30:00Z",-0.2028,-0.6561,0.1665,0.0492,1800.0000,0.1372,0.0052,0
"2022-03-16T15:30:00Z","2022-03-16T16:00:00Z",0.1743,-0.1229,0.7762,0.0539,1800.0000,0.1375,0.0055,0
"2022-03-16T16:00:00Z","2022-03-16T16:30:00Z",0.9026,0.5054,1.3857,0.0394,1800.0000,0.1377,0.0047,0
"2022-03-16T16:30:00Z","2022-03-16T17:00:00Z",1.0442,0.7857,1.3209,0.0117,1800.0000,0.1374,0.0025,0
"2022-03-16T17:00:00Z","2022-03-16T17:30:00Z",1.3244,0.9342,1.5578,0.0136,1800.0000,0.1375,0.0027,0
"2022-03-16T17:30:00Z","2022-03-16T18:00:00Z",1.4512,1.1942,1.8049,0.0269,1800.0000,0.1377,0.0039,0
"2022-03-16T18:00:00Z","2022-03-16T18:30:00Z",1.7863,1.3848,2.2993,0.0513,1800.0000,0.1381,0.0053,0
"2022-03-16T18:30:00Z","2022-03-16T19:00:00Z",1.3361,0.3330,2.5221,0.5426,1800.0000,0.1421,0.0174,0
"2022-03-16T19:00:00Z","2022-03-16T19:30:00Z",0.3607,-0.0229,0.7021,0.0432,1800.0000,0.1374,0.0049,0
"2022-03-16T19:30:00Z","2022-03-16T20:00:00Z",-0.9004,-1.8010,0.3041,0.4124,1800.0000,0.1402,0.0151,0
"2022-03-16T20:00:00Z","2022-03-16T20:30:00Z",-1.6661,-1.8479,-1.4529,0.0064,1800.0000,0.1362,0.0019,0
"2022-03-16T20:30:00Z","2022-03-16T21:00:00Z",-1.4969,-1.7162,-1.2845,0.0088,1800.0000,0.1363,0.0022,0
"2022-03-16T21:00:00Z","2022-03-16T21:30:00Z",-1.3355,-1.5661,-1.0031,0.0187,1800.0000,0.1365,0.0032,0
"2022-03-16T21:30:00Z","2022-03-16T22:00:00Z",-0.9850,-1.2543,-0.7739,0.0083,1800.0000,0.1365,0.0021,0
"2022-03-16T22:00:00Z","2022-03-16T22:30:00Z",-0.9121,-1.1017,-0.6975,0.0079,1800.0000,0.1365,0.0021,0
"2022-03-16T22:30:00Z","2022-03-16T23:00:00Z",-1.0135,-1.2254,-0.8544,0.0093,1800.0000,0.1365,0.0023,0
"2022-03-16T23:00:00Z","2022-03-16T23:30:00Z",-1.2860,-1.4183,-1.1118,0.0061,1800.0000,0.1363,0.0018,0
"2022-03-16T23:30:00Z","2022-03-17T00:00:00Z",-1.3740,-1.4322,-1.2435,0.0011,1800.0000,0.1362,0.0008,0
"2022-03-17T00:00:00Z","2022-03-17T00:30:00Z",-1.3932,-1.4734,-1.2807,0.0018,1800.0000,0.1362,0.0010,0
"2022-03-17T00:30:00Z","2022-03-17T01:00:00Z",-1.8764,-2.5529,-1.2912,0.2004,1800.0000,0.1378,0.0106,0
"2022-03-17T01:00:00Z","2022-03-17T01:30:00Z",-2.4797,-2.5595,-2.3800,0.0017,1800.0000,0.1358,0.0010,0
"2022-03-17T01:30:00Z","2022-03-17T02:00:00Z",-2.4568,-2.5458,-2.3990,0.0010,1800.0000,0.1357,0.0007,0
"2022-03-17T02:00:00Z","2022-03-17T02:30:00Z",-2.4249,-2.4670,-2.3751,0.0006,1800.0000,0.1358,0.0006,0
"2022-03-17T02:30:00Z","2022-03-17T03:00:00Z",-2.4621,-2.5377,-2.3956,0.0014,1800.0000,0.1357,0.0009,0
"2022-03-17T03:00:00Z","2022-03-17T03:30:00Z",-2.5286,-2.5603,-2.4930,0.0002,1800.0000,0.1357,0.0003,0
"2022-03-17T03:30:00Z","2022-03-17T04:00:00Z",-2.5677,-2.6874,-2.4875,0.0024,1800.0000,0.1357,0.0012,0
"2022-03-17T04:00:00Z","2022-03-17T04:30:00Z",-2.9610,-3.1586,-2.6587,0.0197,1800.0000,0.1358,0.0033,0
"2022-03-17T04:30:00Z","2022-03-17T05:00:00Z",-3.2330,-3.2828,-3.1369,0.0008,1800.0000,0.1354,0.0007,0
"2022-03-17T05:00:00Z","2022-03-17T05:30:00Z",-3.2608,-3.3031,-3.2296,0.0002,1800.0000,0.1354,0.0003,0
"2022-03-17T05:30:00Z","2022-03-17T06:00:00Z",-3.3301,-3.3964,-3.2558,0.0008,1800.0000,0.1354,0.0007,0
"2022-03-17T06:00:00Z","2022-03-17T06:30:00Z",-3.2886,-3.3380,-3.2486,0.0004,1800.0000,0.1354,0.0005,0
"2022-03-17T06:30:00Z","2022-03-17T07:00:00Z",-3.2953,-3.3479,-3.2245,0.0008,1800.0000,0.1354,0.0006,0
"2022-03-17T07:00:00Z","2022-03-17T07:30:00Z",-3.6065,-3.8902,-3.2919,0.0267,1800.0000,0.1356,0.0038,0
"2022-03-17T07:30:00Z","2022-03-17T08:00:00Z",-4.1741,-4.3373,-3.8538,0.0173,1800.0000,0.1353,0.0031,0
"2022-03-17T08:00:00Z","2022-03-17T08:30:00Z",-4.3316,-4.4745,-4.2004,0.0048,1800.0000,0.1350,0.0016,0
"2022-03-17T08:30:00Z","2022-03-17T09:00:00Z",-4.5331,-4.6581,-4.4224,0.0038,1800.0000,0.1349,0.0015,0
"2022-03-17T09:00:00Z","2022-03-17T09:30:00Z",-4.6487,-4.7251,-4.5295,0.0015,1800.0000,0.1348,0.0009,0
"2022-03-17T09:30:00Z","2022-03-17T10:00:00Z",-4.6821,-4.7675,-4.6042,0.0017,1800.0000,0.1348,0.0010,0
"2022-03-17T10:00:00Z","2022-03-17T10:30:00Z",-4.8440,-5.0030,-4.7465,0.0037,1800.0000,0.1348,0.0014,0
"2022-03-17T10:30:00Z","2022-03-17T11:00:00Z",-5.3099,-5.5493,-5.0037,0.0164,1800.0000,0.1348,0.0030,0
"2022-03-17T11:00:00Z","2022-03-17T11:30:00Z",-5.5778,-5.6500,-5.4854,0.0017,1800.0000,0.1344,0.0010,0
"2022-03-17T11:30:00Z","2022-03-17T12:00:00Z",-5.7446,-5.8603,-5.6156,0.0048,1800.0000,0.1344,0.0016,0
"2022-03-17T12:00:00Z","2022-03-17T12:30:00Z",-5.8423,-5.9105,-5.7905,0.0006,1800.0000,0.1343,0.0006,0
"2022-03-17T12:30:00Z","2022-03-17T13:00:00Z",-6.0086,-6.2469,-5.8404,0.0204,1800.0000,0.1345,0.0034,0
"2022-03-17T13:00:00Z","2022-03-17T13:30:00Z",-6.4562,-6.6278,-6.2162,0.0105,1800.0000,0.1342,0.0024,0
"2022-03-17T13:30:00Z","2022-03-17T14:00:00Z",-6.6072,-6.7045,-6.4864,0.0034,1800.0000,0.1340,0.0014,0
"2022-03-17T14:00:00Z","2022-03-17T14:30:00Z",-6.7148,-6.8682,-6.5901,0.0036,1800.0000,0.1340,0.0014,0
"2022-03-17T14:30:00Z","2022-03-17T15:00:00Z",-6.8287,-7.0818,-6.5677,0.0180,1800.0000,0.1341,0.0032,0
"2022-03-17T15:00:00Z","2022-03-17T15:30:00Z",-6.9721,-7.0911,-6.7907,0.0040,1800.0000,0.1339,0.0015,0
"2022-03-17T15:30:00Z","2022-03-17T16:00:00Z",-6.8601,-7.0089,-6.6328,0.0090,1800.0000,0.1340,0.0022,0
"2022-03-17T16:00:00Z","2022-03-17T16:30:00Z",-6.4815,-6.9012,-6.1021,0.0361,1800.0000,0.1345,0.0045,0
"2022-03-17T16:30:00Z","2022-03-17T17:00:00Z",-5.9365,-6.4271,-5.5269,0.0547,1800.0000,0.1349,0.0055,0
"2022-03-17T17:00:00Z","2022-03-17T17:30:00Z",-5.2573,-5.6598,-4.8000,0.0323,1800.0000,0.1350,0.0042,0
"2022-03-17T17:30:00Z","2022-03-17T18:00:00Z",-5.1035,-5.4203,-4.8686,0.0173,1800.0000,0.1348,0.0031,0
"2022-03-17T18:00:00Z","2022-03-17T18:30:00Z",-5.1898,-5.4417,-4.9355,0.0168,1800.0000,0.1348,0.0031,0
"2022-03-17T18:30:00Z","2022-03-17T19:00:00Z",-5.2736,-5.5405,-5.0529,0.0124,1800.0000,0.1347,0.0026,0
"2022-03-17T19:00:00Z","2022-03-17T19:30:00Z",-5.6769,-5.8521,-5.4124,0.0085,1800.0000,0.1345,0.0022,0
"2022-03-17T19:30:00Z","2022-03-17T20:00:00Z",-5.6926,-5.8946,-5.4390,0.0072,1800.0000,0.1345,0.0020,0
"2022-03-17T20:00:00Z","2022-03-17T20:30:00Z",-5.7039,-5.9244,-5.4396,0.0159,1800.0000,0.1346,0.0030,0
"2022-03-17T20:30:00Z","2022-03-17T21:00:00Z",-5.8962,-6.0314,-5.6380,0.0068,1800.0000,0.1344,0.0019,0
"2022-03-17T21:00:00Z","2022-03-17T21:30:00Z",-5.9347,-6.0849,-5.6415,0.0078,1800.0000,0.1344,0.0021,0
"2022-03-17T21:30:00Z","2022-03-17T22:00:00Z",-5.8752,-6.1129,-5.6700,0.0100,1800.0000,0.1344,0.0024,0
"2022-03-17T22:00:00Z","2022-03-17T22:30:00Z",-5.9587,-6.1257,-5.7164,0.0095,1800.0000,0.1344,0.0023,0
"2022-03-17T22:30:00Z","2022-03-17T23:00:00Z",-6.3140,-6.4939,-5.9841,0.0123,1800.0000,0.1343,0.0026,0
"2022-03-17T23:00:00Z","2022-03-17T23:30:00Z",-6.4811,-6.5980,-6.3504,0.0043,1800.0000,0.1341,0.0015,0
"2022-03-17T23:30:00Z","2022-03-18T00:00:00Z",-6.2750,-6.4368,-6.1210,0.0030,1800.0000,0.1342,0.0013,0
"2022-03-18T00:00:00Z","2022-03-18T00:30:00Z",-6.3800,-6.5474,-6.2247,0.0090,1800.0000,0.1342,0.0022,0
"2022-03-18T00:30:00Z","2022-03-18T01:00:00Z",-6.6186,-6.7368,-6.4376,0.0042,1800.0000,0.1341,0.0015,0
"2022-03-18T01:00:00Z","2022-03-18T01:30:00Z",-6.6708,-6.7352,-6.5353,0.0034,1800.0000,0.1340,0.0014,0
"2022-03-18T01:30:00Z","2022-03-18T02:00:00Z",-6.5861,-6.7016,-6.4649,0.0033,1800.0000,0.1340,0.0014,0
"2022-03-18T02:00:00Z","2022-03-18T02:30:00Z",-6.5787,-6.6855,-6.4830,0.0023,1800.0000,0.1340,0.0011,0
"2022-03-18T02:30:00Z","2022-03-18T03:00:00Z",-6.7376,-7.0000,-6.6059,0.0070,1800.0000,0.1340,0.0020,0
"2022-03-18T03:00:00Z","2022-03-18T03:30:00Z",-7.2614,-7.6315,-6.9472,0.0308,1800.0000,0.1341,0.0041,0
"2022-03-18T03:30:00Z","2022-03-18T04:00:00Z",-7.7108,-8.1001,-7.2260,0.0521,1800.0000,0.1341,0.0054,0
"2022-03-18T04:00:00Z","2022-03-18T04:30:00Z",-8.1790,-8.4527,-7.9756,0.0112,1800.0000,0.1335,0.0025,0
"2022-03-18T04:30:00Z","2022-03-18T05:00:00Z",-8.5242,-8.9457,-8.1582,0.0345,1800.0000,0.1336,0.0044,0
"2022-03-18T05:00:00Z","2022-03-18T05:30:00Z",-10.1820,-11.2816,-8.9491,0.3552,1800.0000,0.1359,0.0140,0
"2022-03-18T05:30:00Z","2022-03-18T06:00:00Z",-12.2720,-13.1657,-11.1020,0.3317,1800.0000,0.1348,0.0136,0
"2022-03-18T06:00:00Z","2022-03-18T06:30:00Z",-12.9289,-13.3942,-12.5707,0.0396,1800.0000,0.1318,0.0047,0
"2022-03-18T06:30:00Z","2022-03-18T07:00:00Z",-12.0621,-13.4053,-9.9343,0.8646,1800.0000,0.1396,0.0219,0
"2022-03-18T07:00:00Z","2022-03-18T07:30:00Z",-9.6437,-10.4412,-8.9814,0.1629,1800.0000,0.1343,0.0095,0
"2022-03-18T07:30:00Z","2022-03-18T08:00:00Z",-9.1018,-10.1161,-8.3117,0.1994,1800.0000,0.1349,0.0105,0
"2022-03-18T08:00:00Z","2022-03-18T08:30:00Z",-9.1656,-10.4195,-8.5224,0.2784,1800.0000,0.1355,0.0124,0
"2022-03-18T08:30:00Z","2022-03-18T09:00:00Z",-9.1853,-10.2555,-8.4239,0.2153,1800.0000,0.1350,0.0109,0
"2022-03-18T09:00:00Z","2022-03-18T09:30:00Z",-9.8284,-10.6142,-8.8492,0.2452,1800.0000,0.1350,0.0117,0
"2022-03-18T09:30:00Z","2022-03-18T10:00:00Z",-9.2026,-10.1508,-8.5269,0.1857,1800.0000,0.1347,0.0102,0
"2022-03-18T10:00:00Z","2022-03-18T10:30:00Z",-8.9342,-10.2844,-8.2196,0.3174,1800.0000,0.1359,0.0133,0
"2022-03-18T10:30:00Z","2022-03-18T11:00:00Z",-8.8019,-10.2680,-7.8224,0.4139,1800.0000,0.1369,0.0152,0
"2022-03-18T11:00:00Z","2022-03-18T11:30:00Z",-8.5004,-9.9232,-7.6744,0.3333,1800.0000,0.1363,0.0136,0
"2022-03-18T11:30:00Z","2022-03-18T12:00:00Z",-8.7633,-10.4933,-7.5961,0.4094,1800.0000,0.1369,0.0151,0
"2022-03-18T12:00:00Z","2022-03-18T12:30:00Z",-9.6280,-11.2650,-8.6121,0.6046,1800.0000,0.1381,0.0183,0
"2022-03-18T12:30:00Z","2022-03-18T13:00:00Z",-9.5520,-11.5421,-8.7211,0.4939,1800.0000,0.1371,0.0166,0
"2022-03-18T13:00:00Z","2022-03-18T13:30:00Z",-10.0151,-11.3504,-8.4808,0.5653,1800.0000,0.1378,0.0177,0
"2022-03-18T13:30:00Z","2022-03-18T14:00:00Z",-10.8377,-11.9329,-9.5238,0.2353,1800.0000,0.1347,0.0114,0
"2022-03-18T14:00:00Z","2022-03-18T14:30:00Z",-10.2352,-11.4950,-8.7540,0.5721,1800.0000,0.1378,0.0178,0
"2022-03-18T14:30:00Z","2022-03-18T15:00:00Z",-7.9622,-9.1069,-6.6396,0.5453,1800.0000,0.1384,0.0174,0
"2022-03-18T15:00:00Z","2022-03-18T15:30:00Z",-5.9846,-7.3060,-4.8381,0.3314,1800.0000,0.1374,0.0136,0
"2022-03-18T15:30:00Z","2022-03-18T16:00:00Z",-3.9788,-5.0866,-2.6454,0.4132,1800.0000,0.1390,0.0152,0
"2022-03-18T16:00:00Z","2022-03-18T16:30:00Z",-2.6397,-3.3016,-2.1616,0.0465,1800.0000,0.1362,0.0051,0
"2022-03-18T16:30:00Z","2022-03-18T17:00:00Z",-2.2753,-2.7812,-1.3261,0.0640,1800.0000,0.1367,0.0060,0
"2022-03-18T17:00:00Z","2022-03-18T17:30:00Z",-1.8276,-2.2484,-1.3400,0.0485,1800.0000,0.1366,0.0052,0
"2022-03-18T17:30:00Z","2022-03-18T18:00:00Z",-1.4415,-1.9573,-0.8535,0.0611,1800.0000,0.1369,0.0058,0
"2022-03-18T18:00:00Z","2022-03-18T18:30:00Z",-1.2209,-1.6697,-0.5979,0.0487,1800.0000,0.1369,0.0052,0
"2022-03-18T18:30:00Z","2022-03-18T19:00:00Z",-1.2064,-1.6617,-0.6788,0.0654,1800.0000,0.1370,0.0060,0
"2022-03-18T19:00:00Z","2022-03-18T19:30:00Z",-0.6985,-1.2990,-0.0539,0.0816,1800.0000,0.1374,0.0067,0
"2022-03-18T19:30:00Z","2022-03-18T20:00:00Z",-1.3933,-1.8137,-0.7127,0.0880,1800.0000,0.1372,0.0070,0
"2022-03-18T20:00:00Z","2022-03-18T20:30:00Z",-1.5759,-1.9750,-1.1334,0.0297,1800.0000,0.1365,0.0041,0
"2022-03-18T20:30:00Z","2022-03-18T21:00:00Z",-1.3323,-1.7949,-0.8807,0.0361,1800.0000,0.1367,0.0045,0
"2022-03-18T21:00:00Z","2022-03-18T21:30:00Z",-1.3168,-1.6915,-0.9280,0.0385,1800.0000,0.1367,0.0046,0
"2022-03-18T21:30:00Z","2022-03-18T22:00:00Z",-1.4411,-1.8344,-0.8682,0.0359,1800.0000,0.1367,0.0045,0
"2022-03-18T22:00:00Z","2022-03-18T22:30:00Z",-1.8970,-2.5963,-0.9928,0.1233,1800.0000,0.1373,0.0083,0
"2022-03-18T22:30:00Z","2022-03-18T23:00:00Z",-2.4569,-3.1298,-1.9355,0.0646,1800.0000,0.1365,0.0060,0
"2022-03-18T23:00:00Z","2022-03-18T23:30:00Z",-2.9797,-3.6978,-2.5857,0.0399,1800.0000,0.1360,0.0047,0
"2022-03-18T23:30:00Z","2022-03-19T00:00:00Z",-3.1760,-3.5720,-2.7978,0.0244,1800.0000,0.1358,0.0037,0
"2022-03-19T00:00:00Z","2022-03-19T00:30:00Z",-3.6092,-4.1841,-3.0123,0.0531,1800.0000,0.1359,0.0054,0
"2022-03-19T00:30:00Z","2022-03-19T01:00:00Z",-3.9623,-4.5668,-3.5579,0.0319,1800.0000,0.1355,0.0042,0
"2022-03-19T01:00:00Z","2022-03-19T01:30:00Z",-4.3348,-4.8725,-3.9464,0.0274,1800.0000,0.1353,0.0039,0
"2022-03-19T01:30:00Z","2022-03-19T02:00:00Z",-4.8584,-5.6713,-4.4913,0.0471,1800.0000,0.1352,0.0051,0
"2022-03-19T02:00:00Z","2022-03-19T02:30:00Z",-4.8406,-5.2644,-4.4504,0.0295,1800.0000,0.1351,0.0041,0
"2022-03-19T02:30:00Z","2022-03-19T03:00:00Z",-4.8830,-5.5680,-4.5315,0.0399,1800.0000,0.1352,0.0047,0
"2022-03-19T03:00:00Z","2022-03-19T03:30:00Z",-4.9114,-5.6153,-4.4491,0.0722,1800.0000,0.1355,0.0063,0
"2022-03-19T03:30:00Z","2022-03-19T04:00:00Z",-5.1213,-5.9942,-4.6670,0.0863,1800.0000,0.1355,0.0069,0
"2022-03-19T04:00:00Z","2022-03-19T04:30:00Z",-4.8136,-5.5375,-4.3538,0.0540,1800.0000,0.1354,0.0055,0
"2022-03-19T04:30:00Z","2022-03-19T05:00:00Z",-4.7431,-5.2687,-4.3337,0.0360,1800.0000,0.1352,0.0045,0
"2022-03-19T05:00:00Z","2022-03-19T05:30:00Z",-4.8412,-5.5716,-4.3039,0.0507,1800.0000,0.1353,0.0053,0
"2022-03-19T05:30:00Z","2022-03-19T06:00:00Z",-4.6203,-5.2059,-4.1389,0.0415,1800.0000,0.1353,0.0048,0
"2022-03-19T06:00:00Z","2022-03-19T06:30:00Z",-5.2004,-6.2733,-4.5378,0.1671,1796.0000,0.1362,0.0096,0
"2022-03-19T06:30:00Z","2022-03-19T07:00:00Z",-4.9646,-5.6034,-4.4680,0.0543,1800.0000,0.1353,0.0055,0
"2022-03-19T07:00:00Z","2022-03-19T07:30:00Z",-4.8626,-5.7854,-4.2346,0.0735,1800.0000,0.1356,0.0064,0
"2022-03-19T07:30:00Z","2022-03-19T08:00:00Z",-4.7695,-5.3764,-4.1514,0.0761,1800.0000,0.1356,0.0065,0
"2022-03-19T08:00:00Z","2022-03-19T08:30:00Z",-4.9911,-5.8547,-4.4350,0.1108,1800.0000,0.1358,0.0078,0
"2022-03-19T08:30:00Z","2022-03-19T09:00:00Z",-4.5528,-5.0592,-4.2706,0.0150,1800.0000,0.1351,0.0029,0
"2022-03-19T09:00:00Z","2022-03-19T09:30:00Z",-4.2756,-4.8642,-3.9291,0.0312,1800.0000,0.1353,0.0042,0
"2022-03-19T09:30:00Z","2022-03-19T10:00:00Z",-4.5690,-6.0001,-4.0077,0.2023,1800.0000,0.1367,0.0106,0
"2022-03-19T10:00:00Z","2022-03-19T10:30:00Z",-5.1146,-6.3984,-4.0923,0.3723,1800.0000,0.1381,0.0144,0
"2022-03-19T10:30:00Z","2022-03-19T11:00:00Z",-6.1260,-7.1637,-5.0480,0.2331,1800.0000,0.1365,0.0114,0
"2022-03-19T11:00:00Z","2022-03-19T11:30:00Z",-6.7640,-7.6811,-5.4603,0.2733,1800.0000,0.1367,0.0123,0
"2022-03-19T11:30:00Z","2022-03-19T12:00:00Z",-5.8587,-7.6908,-4.7258,0.4055,1800.0000,0.1381,0.0150,0
"2022-03-19T12:00:00Z","2022-03-19T12:30:00Z",-5.0068,-5.8268,-4.5216,0.0666,1800.0000,0.1354,0.0061,0
"2022-03-19T12:30:00Z","2022-03-19T13:00:00Z",-5.2568,-5.8229,-4.7169,0.0518,1800.0000,0.1352,0.0054,0
"2022-03-19T13:00:00Z","2022-03-19T13:30:00Z",-5.0445,-5.9346,-4.4493,0.1570,1800.0000,0.1362,0.0093,0
"2022-03-19T13:30:00Z","2022-03-19T14:00:00Z",-5.4214,-6.5264,-4.4157,0.1862,1800.0000,0.1364,0.0102,0
"2022-03-19T14:00:00Z","2022-03-19T14:30:00Z",-5.2100,-6.5577,-4.2984,0.2793,1800.0000,0.1372,0.0125,0
"2022-03-19T14:30:00Z","2022-03-19T15:00:00Z",-4.4533,-5.4118,-3.4440,0.2722,1800.0000,0.1375,0.0123,0
"2022-03-19T15:00:00Z","2022-03-19T15:30:00Z",-2.4719,-4.1188,-1.3858,0.4632,1800.0000,0.1399,0.0160,0
"2022-03-19T15:30:00Z","2022-03-19T16:00:00Z",-1.0350,-2.3564,0.4104,0.2990,1800.0000,0.1393,0.0129,0
"2022-03-19T16:00:00Z","2022-03-19T16:30:00Z",0.3670,-0.4424,1.4026,0.2254,1800.0000,0.1392,0.0112,0
"2022-03-19T16:30:00Z","2022-03-19T17:00:00Z",0.9303,0.2845,1.5312,0.0816,1800.0000,0.1381,0.0067,0
"2022-03-19T17:00:00Z","2022-03-19T17:30:00Z",1.0068,0.4245,1.6024,0.0684,1800.0000,0.1380,0.0062,0
"2022-03-19T17:30:00Z","2022-03-19T18:00:00Z",1.3011,0.6222,2.5002,0.1819,1800.0000,0.1393,0.0101,0
"2022-03-19T18:00:00Z","2022-03-19T18:30:00Z",1.0349,0.5420,2.0406,0.0822,1800.0000,0.1383,0.0068,0
"2022-03-19T18:30:00Z","2022-03-19T19:00:00Z",2.0719,1.1853,2.9859,0.1340,1800.0000,0.1391,0.0086,0
"2022-03-19T19:00:00Z","2022-03-19T19:30:00Z",2.5183,1.7750,3.4806,0.1348,1800.0000,0.1393,0.0087,0
"2022-03-19T19:30:00Z","2022-03-19T20:00:00Z",2.3012,1.8726,3.0796,0.0482,1800.0000,0.1384,0.0052,0
"2022-03-19T20:00:00Z","2022-03-19T20:30:00Z",2.4558,2.0579,3.1498,0.0549,1800.0000,0.1385,0.0055,0
"2022-03-19T20:30:00Z","2022-03-19T21:00:00Z",2.4665,2.0410,2.9129,0.0267,1800.0000,0.1382,0.0039,0
"2022-03-19T21:00:00Z","2022-03-19T21:30:00Z",2.6485,2.2636,3.0794,0.0265,1800.0000,0.1383,0.0038,0
"2022-03-19T21:30:00Z","2022-03-19T22:00:00Z",3.0831,2.2575,4.1615,0.1731,1800.0000,0.1399,0.0098,0
"2022-03-19T22:00:00Z","2022-03-19T22:30:00Z",3.1469,2.4833,4.0816,0.0565,1800.0000,0.1389,0.0056,0
"2022-03-19T22:30:00Z","2022-03-19T23:00:00Z",2.5293,1.9510,3.1268,0.0688,1800.0000,0.1386,0.0062,0
"2022-03-19T23:00:00Z","2022-03-19T23:30:00Z",2.2730,1.7817,3.2580,0.0788,1800.0000,0.1388,0.0066,0
"2022-03-19T23:30:00Z","2022-03-20T00:00:00Z",2.0625,1.5468,2.5990,0.0384,1800.0000,0.1382,0.0046,0
"2022-03-20T00:00:00Z","2022-03-20T00:30:00Z",1.6219,1.2039,2.3815,0.0636,1800.0000,0.1383,0.0059,0
"2022-03-20T00:30:00Z","2022-03-20T01:00:00Z",0.9623,0.1083,1.5407,0.0916,1800.0000,0.1381,0.0071,0
"2022-03-20T01:00:00Z","2022-03-20T01:30:00Z",-0.4668,-1.6085,0.9934,0.4750,1800.0000,0.1410,0.0162,0
"2022-03-20T01:30:00Z","2022-03-20T02:00:00Z",-1.8087,-2.4877,-1.2898,0.1126,1800.0000,0.1371,0.0079,0
"2022-03-20T02:00:00Z","2022-03-20T02:30:00Z",-2.9522,-3.6140,-2.3190,0.1082,1800.0000,0.1367,0.0078,0
"2022-03-20T02:30:00Z","2022-03-20T03:00:00Z",-3.6975,-3.9121,-3.3928,0.0122,1800.0000,0.1354,0.0026,0
"2022-03-20T03:00:00Z","2022-03-20T03:30:00Z",-4.2064,-4.5788,-3.7315,0.0403,1800.0000,0.1355,0.0047,0
"2022-03-20T03:30:00Z","2022-03-20T04:00:00Z",-4.8828,-5.3255,-4.2181,0.0624,1800.0000,0.1355,0.0059,0
"2022-03-20T04:00:00Z","2022-03-20T04:30:00Z",-5.4641,-5.9894,-4.7078,0.1189,1800.0000,0.1357,0.0081,0
"2022-03-20T04:30:00Z","2022-03-20T05:00:00Z",-6.2381,-6.9497,-5.3345,0.1584,1800.0000,0.1358,0.0094,0
"2022-03-20T05:00:00Z","2022-03-20T05:30:00Z",-6.7341,-7.1086,-6.2859,0.0602,1800.0000,0.1346,0.0058,0
"2022-03-20T05:30:00Z","2022-03-20T06:00:00Z",-7.1990,-7.6462,-6.7834,0.0464,1800.0000,0.1343,0.0051,0
"2022-03-20T06:00:00Z","2022-03-20T06:30:00Z",-7.4446,-7.7731,-6.9371,0.0345,1800.0000,0.1341,0.0044,0
"2022-03-20T06:30:00Z","2022-03-20T07:00:00Z",-7.1889,-7.6499,-6.4644,0.0832,1800.0000,0.1347,0.0068,0
"2022-03-20T07:00:00Z","2022-03-20T07:30:00Z",-7.4498,-8.1984,-6.7474,0.1153,1800.0000,0.1349,0.0080,0
"2022-03-20T07:30:00Z","2022-03-20T08:00:00Z",-7.9220,-8.3184,-7.3544,0.0530,1800.0000,0.1341,0.0054,0
"2022-03-20T08:00:00Z","2022-03-20T08:30:00Z",-7.4299,-8.5181,-5.1810,0.5165,1800.0000,0.1388,0.0169,0
"2022-03-20T08:30:00Z","2022-03-20T09:00:00Z",-5.3863,-7.6464,-2.4752,2.0483,1800.0000,0.1515,0.0337,0
"2022-03-20T09:00:00Z","2022-03-20T09:30:00Z",-2.0080,-4.6526,-0.6528,1.1033,1800.0000,0.1452,0.0248,0
"2022-03-20T09:30:00Z","2022-03-20T10:00:00Z",-0.5169,-1.6199,0.3436,0.2278,1800.0000,0.1387,0.0112,0
"2022-03-20T10:00:00Z","2022-03-20T10:30:00Z",0.0713,-0.8292,0.8502,0.1100,1800.0000,0.1380,0.0078,0
"2022-03-20T10:30:00Z","2022-03-20T11:00:00Z",-0.0963,-1.4217,0.9145,0.2275,1800.0000,0.1390,0.0112,0
"2022-03-20T11:00:00Z","2022-03-20T11:30:00Z",0.4236,-0.3050,0.8582,0.0466,1800.0000,0.1375,0.0051,0
"2022-03-20T11:30:00Z","2022-03-20T12:00:00Z",-0.3012,-1.9201,0.7597,0.2890,1800.0000,0.1394,0.0127,0
"2022-03-20T12:00:00Z","2022-03-20T12:30:00Z",-0.6340,-2.0120,0.6969,0.3236,1800.0000,0.1396,0.0134,0
"2022-03-20T12:30:00Z","2022-03-20T13:00:00Z",-1.4351,-2.7252,-0.0683,0.3147,1800.0000,0.1393,0.0132,0
"2022-03-20T13:00:00Z","2022-03-20T13:30:00Z",-2.3355,-3.4013,-0.7914,0.4536,1800.0000,0.1401,0.0159,0
"2022-03-20T13:30:00Z","2022-03-20T14:00:00Z",-2.0956,-3.0180,0.2921,0.3987,1800.0000,0.1401,0.0149,0
"2022-03-20T14:00:00Z","2022-03-20T14:30:00Z",-0.2689,-1.4322,0.6903,0.3105,1800.0000,0.1395,0.0131,0
"2022-03-20T14:30:00Z","2022-03-20T15:00:00Z",-0.0943,-1.3246,0.9052,0.2645,1800.0000,0.1393,0.0121,0
"2022-03-20T15:00:00Z","2022-03-20T15:30:00Z",0.6692,-0.5171,2.5061,0.4733,1800.0000,0.1416,0.0162,0
"2022-03-20T15:30:00Z","2022-03-20T16:00:00Z",1.9245,1.1849,3.0037,0.1571,1800.0000,0.1393,0.0093,0
"2022-03-20T16:00:00Z","2022-03-20T16:30:00Z",2.8909,1.8783,3.6444,0.1220,1800.0000,0.1393,0.0082,0
"2022-03-20T16:30:00Z","2022-03-20T17:00:00Z",3.0600,1.6428,3.7167,0.1590,1800.0000,0.1396,0.0094,0
"2022-03-20T17:00:00Z","2022-03-20T17:30:00Z",3.3070,2.5742,4.0723,0.1363,1800.0000,0.1396,0.0087,0
"2022-03-20T17:30:00Z","2022-03-20T18:00:00Z",3.5298,2.8082,4.2306,0.0838,1800.0000,0.1392,0.0068,0
"2022-03-20T18:00:00Z","2022-03-20T18:30:00Z",3.2562,2.6410,3.7959,0.0609,1800.0000,0.1388,0.0058,0
"2022-03-20T18:30:00Z","2022-03-20T19:00:00Z",3.6578,3.0408,4.5050,0.0981,1800.0000,0.1394,0.0074,0
"2022-03-20T19:00:00Z","2022-03-20T19:30:00Z",4.0413,3.0162,4.9474,0.1955,1800.0000,0.1404,0.0104,0
"2022-03-20T19:30:00Z","2022-03-20T20:00:00Z",3.6638,3.0954,4.4674,0.0574,1800.0000,0.1391,0.0056,0
"2022-03-20T20:00:00Z","2022-03-20T20:30:00Z",3.2800,2.5457,3.8309,0.0551,1800.0000,0.1388,0.0055,0
"2022-03-20T20:30:00Z","2022-03-20T21:00:00Z",3.2704,2.5033,3.7561,0.0644,1800.0000,0.1389,0.0060,0
"2022-03-20T21:00:00Z","2022-03-20T21:30:00Z",2.8115,2.2447,3.3441,0.0422,1800.0000,0.1385,0.0048,0
"2022-03-20T21:30:00Z","2022-03-20T22:00:00Z",2.6552,1.9468,3.1938,0.0560,1800.0000,0.1385,0.0056,0
"2022-03-20T22:00:00Z","2022-03-20T22:30:00Z",2.9145,2.2420,3.5239,0.0789,1800.0000,0.1389,0.0066,0
"2022-03-20T22:30:00Z","2022-03-20T23:00:00Z",2.9868,2.4660,3.5858,0.0601,1800.0000,0.1387,0.0058,0
"2022-03-20T23:00:00Z","2022-03-20T23:30:00Z",2.6593,1.8989,3.4412,0.1258,1800.0000,0.1392,0.0084,0
"2022-03-20T23:30:00Z","2022-03-21T00:00:00Z",1.9574,1.3172,2.7076,0.0793,1800.0000,0.1385,0.0066,0
"2022-03-21T00:00:00Z","2022-03-21T00:30:00Z",1.7554,1.0116,2.3572,0.0902,1800.0000,0.1385,0.0071,0
"2022-03-21T00:30:00Z","2022-03-21T01:00:00Z",1.4109,0.6500,2.1106,0.1540,1800.0000,0.1389,0.0092,0
"2022-03-21T01:00:00Z","2022-03-21T01:30:00Z",0.6124,0.3425,0.9884,0.0224,1800.0000,0.1373,0.0035,0
"2022-03-21T01:30:00Z","2022-03-21T02:00:00Z",0.0743,-0.3312,0.6106,0.0613,1800.0000,0.1375,0.0058,0
"2022-03-21T02:00:00Z","2022-03-21T02:30:00Z",-0.7648,-1.0430,-0.3211,0.0422,1800.0000,0.1370,0.0048,0
"2022-03-21T02:30:00Z","2022-03-21T03:00:00Z",-1.2982,-1.6157,-1.0019,0.0342,1800.0000,0.1366,0.0044,0
"2022-03-21T03:00:00Z","2022-03-21T03:30:00Z",-1.8192,-2.0242,-1.6138,0.0055,1800.0000,0.1361,0.0018,0
"2022-03-21T03:30:00Z","2022-03-21T04:00:00Z",-2.2593,-2.4490,-1.9972,0.0095,1800.0000,0.1360,0.0023,0
"2022-03-21T04:00:00Z","2022-03-21T04:30:00Z",-2.7196,-2.9609,-2.3992,0.0224,1800.0000,0.1359,0.0035,0
"2022-03-21T04:30:00Z","2022-03-21T05:00:00Z",-3.0769,-3.1702,-2.9624,0.0025,1800.0000,0.1355,0.0012,0
"2022-03-21T05:00:00Z","2022-03-21T05:30:00Z",-2.9456,-3.1257,-2.4282,0.0307,1800.0000,0.1360,0.0041,0
"2022-03-21T05:30:00Z","2022-03-21T06:00:00Z",-1.8484,-2.7582,-0.5504,0.6203,1800.0000,0.1415,0.0186,0
"2022-03-21T06:00:00Z","2022-03-21T06:30:00Z",-0.8828,-1.5650,-0.4911,0.0859,1800.0000,0.1372,0.0069,0
"2022-03-21T06:30:00Z","2022-03-21T07:00:00Z",-0.8424,-1.5002,-0.3303,0.0867,1800.0000,0.1373,0.0069,0
"2022-03-21T07:00:00Z","2022-03-21T07:30:00Z",-1.7781,-2.0360,-1.2363,0.0296,1800.0000,0.1365,0.0041,0
"2022-03-21T07:30:00Z","2022-03-21T08:00:00Z",-1.7644,-1.9767,-1.1751,0.0230,1800.0000,0.1364,0.0036,0
"2022-03-21T08:00:00Z","2022-03-21T08:30:00Z",-1.6610,-2.1105,-0.5985,0.1157,1800.0000,0.1374,0.0080,0
"2022-03-21T08:30:00Z","2022-03-21T09:00:00Z",-2.6180,-3.4154,-2.0569,0.1310,1800.0000,0.1369,0.0085,0
"2022-03-21T09:00:00Z","2022-03-21T09:30:00Z",-3.6231,-3.8287,-3.3772,0.0191,1800.0000,0.1355,0.0033,0
"2022-03-21T09:30:00Z","2022-03-21T10:00:00Z",-3.2233,-3.5486,-2.9817,0.0161,1800.0000,0.1356,0.0030,0
"2022-03-21T10:00:00Z","2022-03-21T10:30:00Z",-2.8078,-3.1894,-1.9564,0.0910,1800.0000,0.1367,0.0071,0
"2022-03-21T10:30:00Z","2022-03-21T11:00:00Z",-2.6206,-2.7956,-2.2510,0.0128,1800.0000,0.1359,0.0027,0
"2022-03-21T11:00:00Z","2022-03-21T11:30:00Z",-2.0957,-2.5354,-1.8428,0.0265,1800.0000,0.1362,0.0038,0
"2022-03-21T11:30:00Z","2022-03-21T12:00:00Z",-2.2832,-2.6057,-1.9529,0.0219,1800.0000,0.1361,0.0035,0
"2022-03-21T12:00:00Z","2022-03-21T12:30:00Z",-2.8640,-3.0444,-2.6072,0.0187,1800.0000,0.1358,0.0032,0
"2022-03-21T12:30:00Z","2022-03-21T13:00:00Z",-2.8569,-2.9464,-2.7272,0.0031,1800.0000,0.1356,0.0013,0
"2022-03-21T13:00:00Z","2022-03-21T13:30:00Z",-2.8943,-2.9527,-2.8192,0.0012,1800.0000,0.1356,0.0008,0
"2022-03-21T13:30:00Z","2022-03-21T14:00:00Z",-2.7735,-2.8516,-2.6579,0.0029,1800.0000,0.1357,0.0013,0
"2022-03-21T14:00:00Z","2022-03-21T14:30:00Z",-2.9761,-3.4334,-2.5238,0.0991,1800.0000,0.1365,0.0074,0
"2022-03-21T14:30:00Z","2022-03-21T15:00:00Z",-3.6563,-4.1316,-3.3175,0.0264,1800.0000,0.1356,0.0038,0
"2022-03-21T15:00:00Z","2022-03-21T15:30:00Z",-4.4540,-4.8557,-3.8149,0.0474,1800.0000,0.1355,0.0051,0
"2022-03-21T15:30:00Z","2022-03-21T16:00:00Z",-4.2952,-4.6986,-3.8986,0.0416,1800.0000,0.1354,0.0048,0
"2022-03-21T16:00:00Z","2022-03-21T16:30:00Z",-3.9409,-4.2724,-3.5888,0.0195,1800.0000,0.1354,0.0033,0
"2022-03-21T16:30:00Z","2022-03-21T17:00:00Z",-3.8900,-4.3260,-3.4319,0.0400,1800.0000,0.1356,0.0047,0
"2022-03-21T17:00:00Z","2022-03-21T17:30:00Z",-4.5401,-5.1729,-3.4112,0.1730,1800.0000,0.1367,0.0098,0
"2022-03-21T17:30:00Z","2022-03-21T18:00:00Z",-5.1878,-5.5669,-4.8362,0.0339,1800.0000,0.1350,0.0043,0
"2022-03-21T18:00:00Z","2022-03-21T18:30:00Z",-4.7094,-5.3118,-4.1162,0.0875,1800.0000,0.1357,0.0070,0
"2022-03-21T18:30:00Z","2022-03-21T19:00:00Z",-4.3446,-4.7554,-3.8914,0.0291,1800.0000,0.1353,0.0040,0
"2022-03-21T19:00:00Z","2022-03-21T19:30:00Z",-4.2995,-4.7004,-3.9496,0.0334,1800.0000,0.1354,0.0043,0
"2022-03-21T19:30:00Z","2022-03-21T20:00:00Z",-4.0622,-4.6798,-3.2792,0.1280,1800.0000,0.1364,0.0084,0
"2022-03-21T20:00:00Z","2022-03-21T20:30:00Z",-3.6607,-4.0184,-3.1369,0.0408,1800.0000,0.1358,0.0048,0
"2022-03-21T20:30:00Z","2022-03-21T21:00:00Z",-3.8344,-4.2206,-3.5678,0.0173,1800.0000,0.1354,0.0031,0
"2022-03-21T21:00:00Z","2022-03-21T21:30:00Z",-4.0471,-4.3533,-3.6453,0.0182,1800.0000,0.1354,0.0032,0
"2022-03-21T21:30:00Z","2022-03-21T22:00:00Z",-4.0815,-4.2997,-3.7867,0.0139,1800.0000,0.1353,0.0028,0
"2022-03-21T22:00:00Z","2022-03-21T22:30:00Z",-4.4219,-4.6079,-4.1366,0.0103,1800.0000,0.1351,0.0024,0
"2022-03-21T22:30:00Z","2022-03-21T23:00:00Z",-4.6631,-4.9459,-4.3005,0.0288,1800.0000,0.1352,0.0040,0
"2022-03-21T23:00:00Z","2022-03-21T23:30:00Z",-4.5263,-4.8164,-4.1845,0.0166,1800.0000,0.1351,0.0030,0
"2022-03-21T23:30:00Z","2022-03-22T00:00:00Z",-4.5278,-4.6608,-4.3183,0.0068,1800.0000,0.1350,0.0019,0
"2022-03-22T00:00:00Z","2022-03-22T00:30:00Z",-4.5803,-4.7109,-4.3705,0.0083,1800.0000,0.1350,0.0021,0
"2022-03-22T00:30:00Z","2022-03-22T01:00:00Z",-4.8756,-5.0392,-4.6348,0.0100,1800.0000,0.1349,0.0024,0
"2022-03-22T01:00:00Z","2022-03-22T01:30:00Z",-5.1532,-5.2351,-4.9933,0.0023,1800.0000,0.1347,0.0011,0
"2022-03-22T01:30:00Z","2022-03-22T02:00:00Z",-5.2746,-5.3327,-5.1845,0.0013,1800.0000,0.1346,0.0008,0
"2022-03-22T02:00:00Z","2022-03-22T02:30:00Z",-5.3627,-5.4245,-5.3072,0.0007,1800.0000,0.1345,0.0006,0
"2022-03-22T02:30:00Z","2022-03-22T03:00:00Z",-5.5904,-5.7788,-5.3492,0.0133,1800.0000,0.1346,0.0027,0
"2022-03-22T03:00:00Z","2022-03-22T03:30:00Z",-5.8036,-5.8904,-5.7025,0.0013,1800.0000,0.1344,0.0008,0
"2022-03-22T03:30:00Z","2022-03-22T04:00:00Z",-6.3201,-6.9870,-5.8331,0.1350,1800.0000,0.1354,0.0087,0
"2022-03-22T04:00:00Z","2022-03-22T04:30:00Z",-6.6486,-7.0089,-6.4423,0.0200,1800.0000,0.1342,0.0033,0
"2022-03-22T04:30:00Z","2022-03-22T05:00:00Z",-7.4595,-8.3323,-6.9901,0.1400,1800.0000,0.1350,0.0088,0
"2022-03-22T05:00:00Z","2022-03-22T05:30:00Z",-9.2658,-9.8586,-8.1629,0.1727,1800.0000,0.1347,0.0098,0
"2022-03-22T05:30:00Z","2022-03-22T06:00:00Z",-9.2210,-9.7143,-8.9450,0.0348,1800.0000,0.1333,0.0044,0
"2022-03-22T06:00:00Z","2022-03-22T06:30:00Z",-10.3803,-11.5042,-9.5224,0.3752,1800.0000,0.1358,0.0144,0
"2022-03-22T06:30:00Z","2022-03-22T07:00:00Z",-11.0602,-12.1046,-9.6832,0.4889,1800.0000,0.1367,0.0165,0
"2022-03-22T07:00:00Z","2022-03-22T07:30:00Z",-10.7299,-11.6968,-10.0470,0.1941,1800.0000,0.1341,0.0104,0
"2022-03-22T07:30:00Z","2022-03-22T08:00:00Z",-10.3177,-11.3996,-9.7567,0.1952,1800.0000,0.1343,0.0104,0
"2022-03-22T08:00:00Z","2022-03-22T08:30:00Z",-9.8166,-10.3522,-9.4449,0.0402,1800.0000,0.1331,0.0047,0
"2022-03-22T08:30:00Z","2022-03-22T09:00:00Z",-9.6594,-9.9887,-9.3290,0.0152,1800.0000,0.1329,0.0029,0
"2022-03-22T09:00:00Z","2022-03-22T09:30:00Z",-9.4191,-9.8738,-8.9906,0.0304,1800.0000,0.1332,0.0041,0
"2022-03-22T09:30:00Z","2022-03-22T10:00:00Z",-9.6575,-10.3341,-9.2917,0.0378,1800.0000,0.1331,0.0046,0
"2022-03-22T10:00:00Z","2022-03-22T10:30:00Z",-9.7527,-10.1496,-9.4280,0.0215,1800.0000,0.1330,0.0035,0
"2022-03-22T10:30:00Z","2022-03-22T11:00:00Z",-9.5092,-9.8430,-9.1528,0.0205,1800.0000,0.1331,0.0034,0
"2022-03-22T11:00:00Z","2022-03-22T11:30:00Z",-9.7162,-10.0820,-9.4421,0.0198,1800.0000,0.1329,0.0033,0
"2022-03-22T11:30:00Z","2022-03-22T12:00:00Z",-9.8997,-10.3276,-9.4921,0.0242,1800.0000,0.1329,0.0037,0
"2022-03-22T12:00:00Z","2022-03-22T12:30:00Z",-9.9787,-10.9879,-9.5469,0.1074,1800.0000,0.1336,0.0077,0
"2022-03-22T12:30:00Z","2022-03-22T13:00:00Z",-10.0615,-11.0102,-9.4426,0.0934,1800.0000,0.1335,0.0072,0
"2022-03-22T13:00:00Z","2022-03-22T13:30:00Z",-10.1376,-10.6483,-9.6739,0.0416,1800.0000,0.1330,0.0048,0
"2022-03-22T13:30:00Z","2022-03-22T14:00:00Z",-9.7720,-10.4050,-9.3171,0.0547,1800.0000,0.1333,0.0055,0
"2022-03-22T14:00:00Z","2022-03-22T14:30:00Z",-8.8216,-9.3864,-8.5267,0.0401,1800.0000,0.1335,0.0047,0
"2022-03-22T14:30:00Z","2022-03-22T15:00:00Z",-8.2567,-8.9297,-7.7705,0.1142,1800.0000,0.1344,0.0080,0
"2022-03-22T15:00:00Z","2022-03-22T15:30:00Z",-7.4527,-8.0941,-7.0323,0.0591,1800.0000,0.1343,0.0057,0
"2022-03-22T15:30:00Z","2022-03-22T16:00:00Z",-7.0418,-7.3043,-6.7327,0.0185,1800.0000,0.1341,0.0032,0
"2022-03-22T16:00:00Z","2022-03-22T16:30:00Z",-6.5196,-7.0661,-5.5545,0.1519,1800.0000,0.1357,0.0092,0
"2022-03-22T16:30:00Z","2022-03-22T17:00:00Z",-6.1059,-6.4748,-5.6004,0.0365,1800.0000,0.1347,0.0045,0
"2022-03-22T17:00:00Z","2022-03-22T17:30:00Z",-6.0902,-6.4924,-5.5224,0.0391,1800.0000,0.1347,0.0047,0
"2022-03-22T17:30:00Z","2022-03-22T18:00:00Z",-5.3248,-5.9375,-3.7918,0.2930,1800.0000,0.1375,0.0128,0
"2022-03-22T18:00:00Z","2022-03-22T18:30:00Z",-4.4261,-5.4654,-3.5490,0.2382,1800.0000,0.1372,0.0115,0
"2022-03-22T18:30:00Z","2022-03-22T19:00:00Z",-4.9795,-5.3598,-4.4367,0.0513,1800.0000,0.1353,0.0053,0
"2022-03-22T19:00:00Z","2022-03-22T19:30:00Z",-4.3253,-5.4629,-3.3328,0.3648,1800.0000,0.1383,0.0142,0
"2022-03-22T19:30:00Z","2022-03-22T20:00:00Z",-4.0749,-4.7371,-3.3059,0.1038,1800.0000,0.1362,0.0076,0
"2022-03-22T20:00:00Z","2022-03-22T20:30:00Z",-4.0490,-4.9066,-2.6906,0.2866,1800.0000,0.1379,0.0126,0
"2022-03-22T20:30:00Z","2022-03-22T21:00:00Z",-3.2884,-4.1012,-2.1990,0.2597,1800.0000,0.1379,0.0120,0
"2022-03-22T21:00:00Z","2022-03-22T21:30:00Z",-4.0068,-5.2849,-2.3190,0.8608,1800.0000,0.1426,0.0219,0
"2022-03-22T21:30:00Z","2022-03-22T22:00:00Z",-4.6305,-5.2541,-4.2543,0.0858,1800.0000,0.1357,0.0069,0
"2022-03-22T22:00:00Z","2022-03-22T22:30:00Z",-4.8640,-5.4763,-4.0242,0.1790,1800.0000,0.1365,0.0100,0
"2022-03-22T22:30:00Z","2022-03-22T23:00:00Z",-5.6531,-5.9856,-5.2901,0.0305,1800.0000,0.1348,0.0041,0
"2022-03-22T23:00:00Z","2022-03-22T23:30:00Z",-5.5946,-5.8410,-5.2829,0.0196,1800.0000,0.1347,0.0033,0
"2022-03-22T23:30:00Z","2022-03-23T00:00:00Z",-6.1310,-6.5216,-5.8298,0.0352,1800.0000,0.1346,0.0044,0
"2022-03-23T00:00:00Z","2022-03-23T00:30:00Z",-7.0336,-8.0108,-6.4051,0.2224,1800.0000,0.1359,0.0111,0
"2022-03-23T00:30:00Z","2022-03-23T01:00:00Z",-7.7828,-8.5893,-7.2810,0.0727,1800.0000,0.1343,0.0064,0
"2022-03-23T01:00:00Z","2022-03-23T01:30:00Z",-8.2282,-8.9034,-7.7469,0.0600,1800.0000,0.1340,0.0058,0
"2022-03-23T01:30:00Z","2022-03-23T02:00:00Z",-8.4206,-9.1486,-7.7538,0.1469,1800.0000,0.1347,0.0090,0
"2022-03-23T02:00:00Z","2022-03-23T02:30:00Z",-8.2074,-9.0480,-7.7142,0.0873,1800.0000,0.1342,0.0070,0
"2022-03-23T02:30:00Z","2022-03-23T03:00:00Z",-7.8102,-8.2219,-7.5759,0.0236,1800.0000,0.1337,0.0036,0
"2022-03-23T03:00:00Z","2022-03-23T03:30:00Z",-8.5920,-9.4864,-7.9905,0.1158,1800.0000,0.1343,0.0080,0
"2022-03-23T03:30:00Z","2022-03-23T04:00:00Z",-7.9747,-8.5409,-7.4841,0.0805,1800.0000,0.1343,0.0067,0
"2022-03-23T04:00:00Z","2022-03-23T04:30:00Z",-8.5650,-9.3433,-7.8155,0.1186,1800.0000,0.1344,0.0081,0
"2022-03-23T04:30:00Z","2022-03-23T05:00:00Z",-8.5020,-9.2026,-7.9822,0.0768,1800.0000,0.1340,0.0065,0
"2022-03-23T05:00:00Z","2022-03-23T05:30:00Z",-8.4002,-9.0882,-7.9321,0.0663,1800.0000,0.1340,0.0061,0
"2022-03-23T05:30:00Z","2022-03-23T06:00:00Z",-8.3170,-9.0323,-7.7369,0.0600,1800.0000,0.1340,0.0058,0
"2022-03-23T06:00:00Z","2022-03-23T06:30:00Z",-8.2214,-8.7682,-7.8170,0.0450,1800.0000,0.1338,0.0050,0
"2022-03-23T06:30:00Z","2022-03-23T07:00:00Z",-8.4851,-9.0338,-8.0055,0.0502,1800.0000,0.1338,0.0053,0
"2022-03-23T07:00:00Z","2022-03-23T07:30:00Z",-8.3475,-8.9887,-7.9214,0.0397,1800.0000,0.1337,0.0047,0
"2022-03-23T07:30:00Z","2022-03-23T08:00:00Z",-8.6376,-9.3059,-8.0892,0.0627,1800.0000,0.1339,0.0059,0
"2022-03-23T08:00:00Z","2022-03-23T08:30:00Z",-8.5714,-9.1220,-8.0541,0.0394,1800.0000,0.1337,0.0047,0
"2022-03-23T08:30:00Z","2022-03-23T09:00:00Z",-8.2685,-9.0118,-7.7154,0.0594,1800.0000,0.1340,0.0057,0
"2022-03-23T09:00:00Z","2022-03-23T09:30:00Z",-7.8972,-8.5394,-7.5216,0.0368,1800.0000,0.1339,0.0045,0
"2022-03-23T09:30:00Z","2022-03-23T10:00:00Z",-7.7645,-8.2640,-7.4131,0.0335,1800.0000,0.1339,0.0043,0
"2022-03-23T10:00:00Z","2022-03-23T10:30:00Z",-7.7126,-8.4528,-7.3683,0.0523,1800.0000,0.1341,0.0054,0
"2022-03-23T10:30:00Z","2022-03-23T11:00:00Z",-7.6980,-8.0103,-7.3845,0.0192,1800.0000,0.1338,0.0033,0
"2022-03-23T11:00:00Z","2022-03-23T11:30:00Z",-7.5604,-8.3650,-7.2616,0.0316,1800.0000,0.1339,0.0042,0
"2022-03-23T11:30:00Z","2022-03-23T12:00:00Z",-7.4574,-7.8736,-7.1308,0.0280,1800.0000,0.1340,0.0039,0
"2022-03-23T12:00:00Z","2022-03-23T12:30:00Z",-7.4122,-7.9354,-7.0651,0.0264,1800.0000,0.1340,0.0038,0
"2022-03-23T12:30:00Z","2022-03-23T13:00:00Z",-7.1561,-7.6507,-6.8013,0.0272,1800.0000,0.1341,0.0039,0
"2022-03-23T13:00:00Z","2022-03-23T13:30:00Z",-6.8984,-7.4534,-6.5543,0.0358,1800.0000,0.1343,0.0045,0
"2022-03-23T13:30:00Z","2022-03-23T14:00:00Z",-6.5938,-7.0370,-6.1480,0.0309,1800.0000,0.1344,0.0041,0
"2022-03-23T14:00:00Z","2022-03-23T14:30:00Z",-5.9229,-6.3719,-5.5414,0.0429,1800.0000,0.1348,0.0049,0
"2022-03-23T14:30:00Z","2022-03-23T15:00:00Z",-5.3379,-5.8029,-4.7842,0.0452,1800.0000,0.1351,0.0050,0
"2022-03-23T15:00:00Z","2022-03-23T15:30:00Z",-4.4631,-5.3784,-3.8459,0.1054,1800.0000,0.1360,0.0077,0
"2022-03-23T15:30:00Z","2022-03-23T16:00:00Z",-3.5945,-4.3612,-2.6123,0.1878,1800.0000,0.1372,0.0102,0
"2022-03-23T16:00:00Z","2022-03-23T16:30:00Z",-2.9140,-3.8091,-2.3166,0.1080,1800.0000,0.1367,0.0077,0
"2022-03-23T16:30:00Z","2022-03-23T17:00:00Z",-2.4705,-3.2636,-1.9056,0.0724,1800.0000,0.1365,0.0063,0
"2022-03-23T17:00:00Z","2022-03-23T17:30:00Z",-1.8963,-2.6391,-0.7815,0.2105,1800.0000,0.1381,0.0108,0
"2022-03-23T17:30:00Z","2022-03-23T18:00:00Z",-1.1998,-1.8380,-0.6695,0.0486,1800.0000,0.1369,0.0052,0
"2022-03-23T18:00:00Z","2022-03-23T18:30:00Z",-0.6300,-1.1407,0.1482,0.1241,1800.0000,0.1378,0.0083,0
"2022-03-23T18:30:00Z","2022-03-23T19:00:00Z",-0.1324,-1.1950,0.7279,0.2115,1800.0000,0.1388,0.0108,0
"2022-03-23T19:00:00Z","2022-03-23T19:30:00Z",0.6449,0.0786,1.4515,0.0941,1800.0000,0.1381,0.0072,0
"2022-03-23T19:30:00Z","2022-03-23T20:00:00Z",0.8552,0.3490,1.3214,0.0308,1800.0000,0.1376,0.0041,0
"2022-03-23T20:00:00Z","2022-03-23T20:30:00Z",0.9077,0.3495,1.3397,0.0400,1800.0000,0.1376,0.0047,0
"2022-03-23T20:30:00Z","2022-03-23T21:00:00Z",1.2447,0.6714,1.7831,0.0750,1800.0000,0.1381,0.0065,0
"2022-03-23T21:00:00Z","2022-03-23T21:30:00Z",1.5261,0.9019,2.0957,0.0719,1800.0000,0.1382,0.0063,0
"2022-03-23T21:30:00Z","2022-03-23T22:00:00Z",1.0952,0.7466,1.3967,0.0216,1800.0000,0.1375,0.0035,0
"2022-03-23T22:00:00Z","2022-03-23T22:30:00Z",1.0617,0.5501,1.5820,0.0458,1800.0000,0.1378,0.0050,0
"2022-03-23T22:30:00Z","2022-03-23T23:00:00Z",0.6364,-0.0480,1.2160,0.0931,1800.0000,0.1380,0.0072,0
"2022-03-23T23:00:00Z","2022-03-23T23:30:00Z",0.1989,-0.2472,0.8867,0.0538,1800.0000,0.1376,0.0055,0
"2022-03-23T23:30:00Z","2022-03-24T00:00:00Z",-0.2958,-1.0734,0.3064,0.0787,1800.0000,0.1375,0.0066,0
"2022-03-24T00:00:00Z","2022-03-24T00:30:00Z",-0.8700,-1.6114,-0.1615,0.0866,1800.0000,0.1374,0.0069,0
"2022-03-24T00:30:00Z","2022-03-24T01:00:00Z",-1.3926,-2.3173,-0.9350,0.0585,1800.0000,0.1368,0.0057,0
"2022-03-24T01:00:00Z","2022-03-24T01:30:00Z",-1.7118,-2.3000,-1.2577,0.0462,1800.0000,0.1366,0.0051,0
"2022-03-24T01:30:00Z","2022-03-24T02:00:00Z",-1.4127,-2.3008,-0.7940,0.0800,1800.0000,0.1371,0.0067,0
"2022-03-24T02:00:00Z","2022-03-24T02:30:00Z",-1.3651,-2.1110,-0.7501,0.0825,1800.0000,0.1371,0.0068,0
"2022-03-24T02:30:00Z","2022-03-24T03:00:00Z",-1.5689,-2.3101,-0.8989,0.0657,1800.0000,0.1369,0.0060,0
"2022-03-24T03:00:00Z","2022-03-24T03:30:00Z",-1.5087,-2.6640,-0.8689,0.1517,1800.0000,0.1376,0.0092,0
"2022-03-24T03:30:00Z","2022-03-24T04:00:00Z",-1.8811,-2.7326,-1.0457,0.1492,1800.0000,0.1375,0.0091,0
"2022-03-24T04:00:00Z","2022-03-24T04:30:00Z",-1.1427,-1.8032,-0.6156,0.0489,1800.0000,0.1369,0.0052,0
"2022-03-24T04:30:00Z","2022-03-24T05:00:00Z",-0.9487,-1.5443,-0.4259,0.0313,1800.0000,0.1368,0.0042,0
"2022-03-24T05:00:00Z","2022-03-24T05:30:00Z",-1.0550,-1.5861,-0.6302,0.0408,1800.0000,0.1368,0.0048,0
"2022-03-24T05:30:00Z","2022-03-24T06:00:00Z",-1.0381,-1.9560,-0.5967,0.0630,1800.0000,0.1370,0.0059,0
"2022-03-24T06:00:00Z","2022-03-24T06:30:00Z",-1.4178,-2.4919,-0.5692,0.1881,1800.0000,0.1380,0.0102,0
"2022-03-24T06:30:00Z","2022-03-24T07:00:00Z",-1.0401,-1.7248,-0.6840,0.0456,1800.0000,0.1368,0.0050,0
"2022-03-24T07:00:00Z","2022-03-24T07:30:00Z",-0.9893,-1.3634,-0.5981,0.0276,1800.0000,0.1367,0.0039,0
"2022-03-24T07:30:00Z","2022-03-24T08:00:00Z",-0.9528,-1.3482,-0.5078,0.0220,1800.0000,0.1367,0.0035,0
"2022-03-24T08:00:00Z","2022-03-24T08:30:00Z",-0.7355,-1.0436,-0.4101,0.0109,1800.0000,0.1367,0.0025,0
"2022-03-24T08:30:00Z","2022-03-24T09:00:00Z",-0.7076,-1.3531,-0.2734,0.0510,1800.0000,0.1370,0.0053,0
"2022-03-24T09:00:00Z","2022-03-24T09:30:00Z",-0.6074,-1.2862,0.0437,0.0549,1800.0000,0.1372,0.0055,0
"2022-03-24T09:30:00Z","2022-03-24T10:00:00Z",-0.4699,-1.2058,-0.0349,0.0659,1800.0000,0.1373,0.0061,0
"2022-03-24T10:00:00Z","2022-03-24T10:30:00Z",-1.0060,-1.7322,-0.5181,0.0736,1800.0000,0.1371,0.0064,0
"2022-03-24T10:30:00Z","2022-03-24T11:00:00Z",-1.1342,-1.8044,-0.6513,0.0511,1800.0000,0.1369,0.0053,0
"2022-03-24T11:00:00Z","2022-03-24T11:30:00Z",-1.6041,-2.0833,-0.9271,0.0486,1800.0000,0.1368,0.0052,0
"2022-03-24T11:30:00Z","2022-03-24T12:00:00Z",-1.0020,-1.7261,-0.0459,0.1350,1800.0000,0.1378,0.0087,0
"2022-03-24T12:00:00Z","2022-03-24T12:30:00Z",-0.2289,-1.0500,0.4378,0.1177,1800.0000,0.1379,0.0081,0
"2022-03-24T12:30:00Z","2022-03-24T13:00:00Z",0.0276,-0.4513,0.5212,0.0315,1800.0000,0.1372,0.0042,0
"2022-03-24T13:00:00Z","2022-03-24T13:30:00Z",-0.2055,-0.8541,0.3100,0.0532,1800.0000,0.1373,0.0054,0
"2022-03-24T13:30:00Z","2022-03-24T14:00:00Z",-0.2979,-1.1734,0.5189,0.1247,1800.0000,0.1380,0.0083,0
"2022-03-24T14:00:00Z","2022-03-24T14:30:00Z",0.4462,-0.1061,1.1807,0.0523,1800.0000,0.1377,0.0054,0
"2022-03-24T14:30:00Z","2022-03-24T15:00:00Z",0.4921,-0.0199,0.8004,0.0246,1800.0000,0.1373,0.0037,0
"2022-03-24T15:00:00Z","2022-03-24T15:30:00Z",0.4825,-0.0829,0.8044,0.0215,1800.0000,0.1373,0.0035,0
"2022-03-24T15:30:00Z","2022-03-24T16:00:00Z",1.2679,0.3072,2.7009,0.4571,1800.0000,0.1415,0.0159,0
"2022-03-24T16:00:00Z","2022-03-24T16:30:00Z",2.5408,1.8662,3.0576,0.0834,1800.0000,0.1387,0.0068,0
"2022-03-24T16:30:00Z","2022-03-24T17:00:00Z",2.8529,2.3191,3.3313,0.0582,1800.0000,0.1386,0.0057,0
"2022-03-24T17:00:00Z","2022-03-24T17:30:00Z",2.5405,2.0674,3.0172,0.0358,1800.0000,0.1383,0.0045,0
"2022-03-24T17:30:00Z","2022-03-24T18:00:00Z",2.8798,2.4601,3.5430,0.0543,1800.0000,0.1387,0.0055,0
"2022-03-24T18:00:00Z","2022-03-24T18:30:00Z",3.0062,2.4746,3.7887,0.0598,1800.0000,0.1388,0.0058,0
"2022-03-24T18:30:00Z","2022-03-24T19:00:00Z",3.4154,2.8661,4.4263,0.1172,1800.0000,0.1396,0.0081,0
"2022-03-24T19:00:00Z","2022-03-24T19:30:00Z",3.7026,3.0522,4.3994,0.0607,1800.0000,0.1391,0.0058,0
"2022-03-24T19:30:00Z","2022-03-24T20:00:00Z",3.6973,2.9875,4.4262,0.1060,1800.0000,0.1395,0.0077,0
"2022-03-24T20:00:00Z","2022-03-24T20:30:00Z",3.5441,3.0175,4.4579,0.0820,1800.0000,0.1393,0.0068,0
"2022-03-24T20:30:00Z","2022-03-24T21:00:00Z",3.5456,3.0372,4.3761,0.0906,1800.0000,0.1393,0.0071,0
"2022-03-24T21:00:00Z","2022-03-24T21:30:00Z",3.8761,3.2668,4.5760,0.0915,1800.0000,0.1394,0.0071,0
"2022-03-24T21:30:00Z","2022-03-24T22:00:00Z",3.9359,3.3601,5.0470,0.0974,1800.0000,0.1397,0.0074,0
"2022-03-24T22:00:00Z","2022-03-24T22:30:00Z",3.5780,3.0136,4.1444,0.0592,1800.0000,0.1390,0.0057,0
"2022-03-24T22:30:00Z","2022-03-24T23:00:00Z",3.6337,3.0624,4.3477,0.0709,1800.0000,0.1392,0.0063,0
"2022-03-24T23:00:00Z","2022-03-24T23:30:00Z",3.1249,2.4958,3.8266,0.0882,1800.0000,0.1391,0.0070,0
"2022-03-24T23:30:00Z","2022-03-25T00:00:00Z",2.9782,1.9523,4.0717,0.1536,1800.0000,0.1397,0.0092,0
"2022-03-25T00:00:00Z","2022-03-25T00:30:00Z",2.2782,1.5213,2.9125,0.0811,1800.0000,0.1386,0.0067,0
"2022-03-25T00:30:00Z","2022-03-25T01:00:00Z",1.9929,1.4281,2.4998,0.0448,1800.0000,0.1382,0.0050,0
"2022-03-25T01:00:00Z","2022-03-25T01:30:00Z",1.8107,1.2685,2.5668,0.0604,1800.0000,0.1383,0.0058,0
"2022-03-25T01:30:00Z","2022-03-25T02:00:00Z",1.7002,0.8779,2.0878,0.0404,1800.0000,0.1380,0.0047,0
"2022-03-25T02:00:00Z","2022-03-25T02:30:00Z",1.6808,0.9222,2.3518,0.0929,1800.0000,0.1385,0.0072,0
"2022-03-25T02:30:00Z","2022-03-25T03:00:00Z",1.9261,1.4182,2.5004,0.0469,1800.0000,0.1382,0.0051,0
"2022-03-25T03:00:00Z","2022-03-25T03:30:00Z",1.9110,0.9812,2.4155,0.0760,1800.0000,0.1384,0.0065,0
"2022-03-25T03:30:00Z","2022-03-25T04:00:00Z",1.7541,1.1628,2.3805,0.0662,1800.0000,0.1383,0.0061,0
"2022-03-25T04:00:00Z","2022-03-25T04:30:00Z",1.7625,1.2646,2.2845,0.0400,1800.0000,0.1380,0.0047,0
"2022-03-25T04:30:00Z","2022-03-25T05:00:00Z",1.6635,1.3271,1.9813,0.0174,1800.0000,0.1377,0.0031,0
"2022-03-25T05:00:00Z","2022-03-25T05:30:00Z",1.5347,0.8530,1.9953,0.0451,1800.0000,0.1380,0.0050,0
"2022-03-25T05:30:00Z","2022-03-25T06:00:00Z",1.4701,1.0841,2.0910,0.0322,1800.0000,0.1379,0.0042,0
"2022-03-25T06:00:00Z","2022-03-25T06:30:00Z",0.9028,0.0695,1.7841,0.1459,1800.0000,0.1387,0.0090,0
"2022-03-25T06:30:00Z","2022-03-25T07:00:00Z",0.2592,-0.2552,0.8004,0.0645,1800.0000,0.1376,0.0060,0
"2022-03-25T07:00:00Z","2022-03-25T07:30:00Z",-0.2447,-1.0740,0.8228,0.2171,1800.0000,0.1388,0.0110,0
"2022-03-25T07:30:00Z","2022-03-25T08:00:00Z",-1.3437,-1.9832,0.0530,0.2052,1800.0000,0.1384,0.0107,0
"2022-03-25T08:00:00Z","2022-03-25T08:30:00Z",-1.8420,-2.2256,-0.9744,0.0695,1800.0000,0.1369,0.0062,0
"2022-03-25T08:30:00Z","2022-03-25T09:00:00Z",-2.7168,-3.2484,-1.9997,0.0782,1800.0000,0.1365,0.0066,0
"2022-03-25T09:00:00Z","2022-03-25T09:30:00Z",-1.7146,-2.8342,-0.2107,0.6503,1800.0000,0.1418,0.0190,0
"2022-03-25T09:30:00Z","2022-03-25T10:00:00Z",-2.5918,-3.2384,-1.8498,0.1208,1800.0000,0.1370,0.0082,0
"2022-03-25T10:00:00Z","2022-03-25T10:30:00Z",-3.8311,-4.3976,-3.1104,0.0841,1800.0000,0.1361,0.0068,0
"2022-03-25T10:30:00Z","2022-03-25T11:00:00Z",-4.3364,-4.5818,-4.0364,0.0173,1800.0000,0.1352,0.0031,0
"2022-03-25T11:00:00Z","2022-03-25T11:30:00Z",-4.6812,-5.0785,-4.1957,0.0640,1800.0000,0.1355,0.0060,0
"2022-03-25T11:30:00Z","2022-03-25T12:00:00Z",-4.9709,-5.3685,-4.5762,0.0409,1800.0000,0.1352,0.0048,0
"2022-03-25T12:00:00Z","2022-03-25T12:30:00Z",-5.0067,-5.4267,-4.6441,0.0291,1800.0000,0.1350,0.0040,0
"2022-03-25T12:30:00Z","2022-03-25T13:00:00Z",-4.9908,-5.3011,-4.4816,0.0259,1800.0000,0.1351,0.0038,0
"2022-03-25T13:00:00Z","2022-03-25T13:30:00Z",-4.8704,-5.2357,-4.5904,0.0209,1800.0000,0.1350,0.0034,0
"2022-03-25T13:30:00Z","2022-03-25T14:00:00Z",-5.0866,-5.3599,-4.7957,0.0185,1800.0000,0.1349,0.0032,0
"2022-03-25T14:00:00Z","2022-03-25T14:30:00Z",-4.2232,-5.1687,-3.0398,0.1977,1800.0000,0.1371,0.0105,0
"2022-03-25T14:30:00Z","2022-03-25T15:00:00Z",-0.1452,-3.0220,1.0097,0.6082,1800.0000,0.1420,0.0184,0
"2022-03-25T15:00:00Z","2022-03-25T15:30:00Z",1.4662,0.0727,2.5976,0.3469,1800.0000,0.1406,0.0139,0
"2022-03-25T15:30:00Z","2022-03-25T16:00:00Z",2.4160,1.4916,3.2103,0.1361,1800.0000,0.1392,0.0087,0
"2022-03-25T16:00:00Z","2022-03-25T16:30:00Z",3.2298,2.3828,4.1065,0.1333,1800.0000,0.1396,0.0086,0
"2022-03-25T16:30:00Z","2022-03-25T17:00:00Z",3.6723,2.8505,4.4267,0.1097,1800.0000,0.1395,0.0078,0
"2022-03-25T17:00:00Z","2022-03-25T17:30:00Z",3.5761,2.8712,4.3631,0.0920,1800.0000,0.1393,0.0072,0
"2022-03-25T17:30:00Z","2022-03-25T18:00:00Z",3.7543,3.0436,5.0718,0.1569,1800.0000,0.1401,0.0093,0
"2022-03-25T18:00:00Z","2022-03-25T18:30:00Z",4.0802,3.0823,5.2667,0.2121,1800.0000,0.1407,0.0109,0
"2022-03-25T18:30:00Z","2022-03-25T19:00:00Z",4.2824,3.4884,5.1131,0.1493,1800.0000,0.1401,0.0091,0
"2022-03-25T19:00:00Z","2022-03-25T19:30:00Z",4.6244,3.6265,5.4439,0.1146,1800.0000,0.1400,0.0080,0
"2022-03-25T19:30:00Z","2022-03-25T20:00:00Z",4.4193,3.5442,5.4101,0.1746,1800.0000,0.1404,0.0098,0
"2022-03-25T20:00:00Z","2022-03-25T20:30:00Z",4.4916,3.5803,5.7394,0.2261,1800.0000,0.1410,0.0112,0
"2022-03-25T20:30:00Z","2022-03-25T21:00:00Z",4.5057,3.7234,6.0640,0.1896,1800.0000,0.1408,0.0103,0
"2022-03-25T21:00:00Z","2022-03-25T21:30:00Z",4.5102,3.7158,5.4435,0.1208,1800.0000,0.1400,0.0082,0
"2022-03-25T21:30:00Z","2022-03-25T22:00:00Z",4.5153,3.4977,5.5821,0.1817,1800.0000,0.1406,0.0100,0
"2022-03-25T22:00:00Z","2022-03-25T22:30:00Z",4.5386,3.3844,5.4204,0.1647,1800.0000,0.1404,0.0096,0
"2022-03-25T22:30:00Z","2022-03-25T23:00:00Z",4.4102,3.3553,5.5110,0.1777,1800.0000,0.1405,0.0099,0
"2022-03-25T23:00:00Z","2022-03-25T23:30:00Z",4.2242,3.2006,5.2121,0.1292,1800.0000,0.1400,0.0085,0
"2022-03-25T23:30:00Z","2022-03-26T00:00:00Z",4.0508,3.2542,4.9481,0.0991,1800.0000,0.1396,0.0074,0
"2022-03-26T00:00:00Z","2022-03-26T00:30:00Z",3.7033,3.0921,4.3253,0.0767,1800.0000,0.1392,0.0065,0
"2022-03-26T00:30:00Z","2022-03-26T01:00:00Z",3.2004,1.4300,4.5503,0.5023,1800.0000,0.1426,0.0167,0
"2022-03-26T01:00:00Z","2022-03-26T01:30:00Z",2.5751,1.3437,3.7784,0.3937,1800.0000,0.1415,0.0148,0
"2022-03-26T01:30:00Z","2022-03-26T02:00:00Z",2.9562,1.9417,4.1123,0.1980,1800.0000,0.1401,0.0105,0
"2022-03-26T02:00:00Z","2022-03-26T02:30:00Z",2.7891,1.5638,4.0920,0.3768,1800.0000,0.1415,0.0145,0
"2022-03-26T02:30:00Z","2022-03-26T03:00:00Z",3.5232,2.4616,4.1564,0.1455,1800.0000,0.1397,0.0090,0
"2022-03-26T03:00:00Z","2022-03-26T03:30:00Z",3.8262,3.0693,4.6757,0.1006,1800.0000,0.1395,0.0075,0
"2022-03-26T03:30:00Z","2022-03-26T04:00:00Z",4.0460,3.5509,4.5754,0.0515,1800.0000,0.1391,0.0053,0
"2022-03-26T04:00:00Z","2022-03-26T04:30:00Z",4.2197,3.6898,4.7327,0.0442,1800.0000,0.1391,0.0050,0
"2022-03-26T04:30:00Z","2022-03-26T05:00:00Z",4.0390,3.4692,4.5632,0.0522,1800.0000,0.1391,0.0054,0
"2022-03-26T05:00:00Z","2022-03-26T05:30:00Z",4.0526,3.2722,4.6479,0.0749,1800.0000,0.1393,0.0064,0
"2022-03-26T05:30:00Z","2022-03-26T06:00:00Z",3.9857,3.2853,4.6235,0.0532,1800.0000,0.1391,0.0054,0
"2022-03-26T06:00:00Z","2022-03-26T06:30:00Z",3.9583,3.3015,4.5140,0.0476,1800.0000,0.1390,0.0051,0
"2022-03-26T06:30:00Z","2022-03-26T07:00:00Z",4.1464,3.5205,4.7596,0.0564,1800.0000,0.1392,0.0056,0
"2022-03-26T07:00:00Z","2022-03-26T07:30:00Z",4.3396,3.4891,4.9748,0.0684,1800.0000,0.1394,0.0062,0
"2022-03-26T07:30:00Z","2022-03-26T08:00:00Z",4.1340,3.4832,4.7138,0.0664,1800.0000,0.1393,0.0061,0
"2022-03-26T08:00:00Z","2022-03-26T08:30:00Z",4.1420,3.5321,4.7332,0.0613,1800.0000,0.1392,0.0058,0
"2022-03-26T08:30:00Z","2022-03-26T09:00:00Z",3.7568,2.9785,4.3956,0.1036,1800.0000,0.1394,0.0076,0
"2022-03-26T09:00:00Z","2022-03-26T09:30:00Z",3.9715,2.9599,4.8753,0.2036,1800.0000,0.1404,0.0106,0
"2022-03-26T09:30:00Z","2022-03-26T10:00:00Z",3.9338,3.0358,4.7437,0.1278,1800.0000,0.1398,0.0084,0
"2022-03-26T10:00:00Z","2022-03-26T10:30:00Z",4.1720,3.3610,4.7219,0.0710,1800.0000,0.1393,0.0063,0
"2022-03-26T10:30:00Z","2022-03-26T11:00:00Z",3.7956,2.8433,4.8836,0.1825,1800.0000,0.1403,0.0101,0
"2022-03-26T11:00:00Z","2022-03-26T11:30:00Z",4.1561,3.1864,4.9481,0.1419,1800.0000,0.1400,0.0089,0
"2022-03-26T11:30:00Z","2022-03-26T12:00:00Z",4.2253,3.0269,5.0037,0.1545,1800.0000,0.1401,0.0093,0
"2022-03-26T12:00:00Z","2022-03-26T12:30:00Z",3.9154,2.6802,4.7850,0.1884,1800.0000,0.1403,0.0102,0
"2022-03-26T12:30:00Z","2022-03-26T13:00:00Z",3.8706,2.5190,4.7547,0.2069,1800.0000,0.1404,0.0107,0
"2022-03-26T13:00:00Z","2022-03-26T13:30:00Z",4.0383,2.8545,4.7138,0.1018,1800.0000,0.1396,0.0075,0
"2022-03-26T13:30:00Z","2022-03-26T14:00:00Z",3.8186,3.1500,4.6963,0.1129,1800.0000,0.1396,0.0079,0
"2022-03-26T14:00:00Z","2022-03-26T14:30:00Z",4.4306,3.2716,5.4236,0.2130,1800.0000,0.1407,0.0109,0
"2022-03-26T14:30:00Z","2022-03-26T15:00:00Z",4.7786,3.8317,5.6167,0.1485,1800.0000,0.1403,0.0091,0
"2022-03-26T15:00:00Z","2022-03-26T15:30:00Z",4.5809,2.9565,5.7441,0.2576,1800.0000,0.1412,0.0120,0
"2022-03-26T15:30:00Z","2022-03-26T16:00:00Z",5.2922,3.6526,6.3986,0.2646,1800.0000,0.1415,0.0121,0
"2022-03-26T16:00:00Z","2022-03-26T16:30:00Z",5.8732,5.2134,6.7193,0.0914,1800.0000,0.1403,0.0071,0
"2022-03-26T16:30:00Z","2022-03-26T17:00:00Z",6.2554,4.9540,7.6067,0.1987,1800.0000,0.1415,0.0105,0
"2022-03-26T17:00:00Z","2022-03-26T17:30:00Z",6.2993,5.2189,7.2205,0.1352,1800.0000,0.1409,0.0087,0
"2022-03-26T17:30:00Z","2022-03-26T18:00:00Z",6.6728,5.6086,7.7381,0.1336,1800.0000,0.1411,0.0086,0
"2022-03-26T18:00:00Z","2022-03-26T18:30:00Z",6.8852,5.6387,7.8996,0.2204,1800.0000,0.1418,0.0111,0
"2022-03-26T18:30:00Z","2022-03-26T19:00:00Z",7.0970,5.8183,8.3716,0.3082,1800.0000,0.1427,0.0131,0
"2022-03-26T19:00:00Z","2022-03-26T19:30:00Z",7.4889,5.4836,8.9623,0.6279,1800.0000,0.1454,0.0187,0
"2022-03-26T19:30:00Z","2022-03-26T20:00:00Z",7.1660,5.0587,8.2908,0.4725,1800.0000,0.1440,0.0162,0
"2022-03-26T20:00:00Z","2022-03-26T20:30:00Z",7.5378,4.9105,9.0518,0.6080,1800.0000,0.1453,0.0184,0
"2022-03-26T20:30:00Z","2022-03-26T21:00:00Z",7.7495,6.2817,9.5464,0.3754,1800.0000,0.1437,0.0144,0
"2022-03-26T21:00:00Z","2022-03-26T21:30:00Z",7.6103,5.6592,9.6980,0.6395,1800.0000,0.1458,0.0188,0
"2022-03-26T21:30:00Z","2022-03-26T22:00:00Z",7.4098,5.6435,8.9301,0.4476,1800.0000,0.1440,0.0158,0
"2022-03-26T22:00:00Z","2022-03-26T22:30:00Z",7.5575,5.9469,8.9174,0.3435,1800.0000,0.1432,0.0138,0
"2022-03-26T22:30:00Z","2022-03-26T23:00:00Z",6.8641,4.5342,8.6017,0.6425,1800.0000,0.1454,0.0189,0
"2022-03-26T23:00:00Z","2022-03-26T23:30:00Z",6.4934,4.5564,7.8588,0.4328,1800.0000,0.1435,0.0155,0
"2022-03-26T23:30:00Z","2022-03-27T00:00:00Z",6.0082,4.7669,7.4863,0.3492,1800.0000,0.1427,0.0139,0
"2022-03-27T00:00:00Z","2022-03-27T00:30:00Z",5.4583,3.8757,6.7333,0.4277,1800.0000,0.1430,0.0154,0
"2022-03-27T00:30:00Z","2022-03-27T01:00:00Z",5.1580,2.9308,6.8858,0.9814,1800.0000,0.1473,0.0233,0
"2022-03-27T01:00:00Z","2022-03-27T01:30:00Z",4.7001,2.7173,6.6224,0.7434,1800.0000,0.1453,0.0203,0
"2022-03-27T01:30:00Z","2022-03-27T02:00:00Z",4.8073,3.2215,6.1823,0.5103,1800.0000,0.1434,0.0168,0
"2022-03-27T02:00:00Z","2022-03-27T02:30:00Z",2.7992,1.5129,5.0938,1.1111,1800.0000,0.1475,0.0248,0
"2022-03-27T02:30:00Z","2022-03-27T03:00:00Z",1.9460,0.8827,4.6797,1.0827,1800.0000,0.1471,0.0245,0
"2022-03-27T03:00:00Z","2022-03-27T03:30:00Z",0.8369,0.4678,1.2174,0.0242,1800.0000,0.1375,0.0037,0
"2022-03-27T03:30:00Z","2022-03-27T04:00:00Z",0.5463,0.2788,0.7996,0.0177,1800.0000,0.1372,0.0031,0
"2022-03-27T04:00:00Z","2022-03-27T04:30:00Z",0.5518,0.2959,0.8960,0.0247,1800.0000,0.1373,0.0037,0
"2022-03-27T04:30:00Z","2022-03-27T05:00:00Z",0.4481,0.0182,1.3309,0.0887,1800.0000,0.1380,0.0070,0
"2022-03-27T05:00:00Z","2022-03-27T05:30:00Z",0.3170,-0.0405,1.2132,0.0873,1800.0000,0.1380,0.0070,0
"2022-03-27T05:30:00Z","2022-03-27T06:00:00Z",0.5986,0.1037,1.7483,0.0651,1800.0000,0.1380,0.0060,0
"2022-03-27T06:00:00Z","2022-03-27T06:30:00Z",0.0899,-0.1539,0.6872,0.0334,1800.0000,0.1373,0.0043,0
"2022-03-27T06:30:00Z","2022-03-27T07:00:00Z",0.5922,-0.2806,2.6815,0.7250,1800.0000,0.1436,0.0201,0
"2022-03-27T07:00:00Z","2022-03-27T07:30:00Z",0.4165,-0.0546,1.5116,0.1433,1800.0000,0.1385,0.0089,0
"2022-03-27T07:30:00Z","2022-03-27T08:00:00Z",-0.1226,-0.8695,2.3765,0.4783,1800.0000,0.1416,0.0163,0
"2022-03-27T08:00:00Z","2022-03-27T08:30:00Z",-0.9083,-1.2923,-0.5139,0.0371,1800.0000,0.1368,0.0045,0
"2022-03-27T08:30:00Z","2022-03-27T09:00:00Z",-1.4386,-1.5910,-1.1551,0.0092,1800.0000,0.1363,0.0023,0
"2022-03-27T09:00:00Z","2022-03-27T09:30:00Z",-1.6570,-1.9763,-1.3350,0.0243,1800.0000,0.1364,0.0037,0
"2022-03-27T09:30:00Z","2022-03-27T10:00:00Z",-1.6934,-1.9809,-1.2062,0.0408,1800.0000,0.1366,0.0048,0
"2022-03-27T10:00:00Z","2022-03-27T10:30:00Z",-0.6126,-1.4783,3.1942,0.7639,1800.0000,0.1441,0.0206,0
"2022-03-27T10:30:00Z","2022-03-27T11:00:00Z",-0.8302,-1.3322,0.2868,0.1041,1800.0000,0.1377,0.0076,0
"2022-03-27T11:00:00Z","2022-03-27T11:30:00Z",-0.0504,-1.1126,1.3519,0.3811,1800.0000,0.1404,0.0146,0
"2022-03-27T11:30:00Z","2022-03-27T12:00:00Z",0.9963,-1.0004,4.1156,2.0687,1800.0000,0.1542,0.0339,0
"2022-03-27T12:00:00Z","2022-03-27T12:30:00Z",1.2501,0.1089,3.8079,0.7196,1800.0000,0.1440,0.0200,0
"2022-03-27T12:30:00Z","2022-03-27T13:00:00Z",0.5306,-0.3960,2.4896,0.4155,1800.0000,0.1411,0.0152,0
"2022-03-27T13:00:00Z","2022-03-27T13:30:00Z",0.5063,0.0642,1.6413,0.0680,1800.0000,0.1380,0.0061,0
"2022-03-27T13:30:00Z","2022-03-27T14:00:00Z",1.0981,-0.0396,3.6072,0.7600,1800.0000,0.1443,0.0205,0
"2022-03-27T14:00:00Z","2022-03-27T14:30:00Z",1.5799,0.8066,3.2851,0.3967,1800.0000,0.1413,0.0148,0
"2022-03-27T14:30:00Z","2022-03-27T15:00:00Z",3.3035,1.2746,4.3001,0.4210,1800.0000,0.1419,0.0153,0
"2022-03-27T15:00:00Z","2022-03-27T15:30:00Z",2.5966,1.0632,4.0787,0.6463,1800.0000,0.1436,0.0189,0
"2022-03-27T15:30:00Z","2022-03-27T16:00:00Z",4.0715,2.4456,5.7760,0.4978,1800.0000,0.1431,0.0166,0
"2022-03-27T16:00:00Z","2022-03-27T16:30:00Z",5.6599,3.7635,6.7465,0.5233,1800.0000,0.1437,0.0171,0
"2022-03-27T16:30:00Z","2022-03-27T17:00:00Z",5.7324,4.2674,7.4003,0.3970,1800.0000,0.1430,0.0149,0
"2022-03-27T17:00:00Z","2022-03-27T17:30:00Z",5.6306,3.9792,6.8150,0.3424,1800.0000,0.1423,0.0138,0
"2022-03-27T17:30:00Z","2022-03-27T18:00:00Z",5.3858,4.0115,7.0342,0.5598,1800.0000,0.1441,0.0176,0
"2022-03-27T18:00:00Z","2022-03-27T18:30:00Z",6.1863,4.2754,7.8432,0.6722,1800.0000,0.1453,0.0193,0
"2022-03-27T18:30:00Z","2022-03-27T19:00:00Z",6.2983,4.4976,7.9792,0.7088,1800.0000,0.1456,0.0198,0
"2022-03-27T19:00:00Z","2022-03-27T19:30:00Z",6.7064,4.9958,8.2789,0.4837,1800.0000,0.1440,0.0164,0
"2022-03-27T19:30:00Z","2022-03-27T20:00:00Z",6.5799,4.4704,8.5173,0.8401,1800.0000,0.1469,0.0216,0
"2022-03-27T20:00:00Z","2022-03-27T20:30:00Z",7.7450,5.6298,9.8451,0.8437,1800.0000,0.1474,0.0217,0
"2022-03-27T20:30:00Z","2022-03-27T21:00:00Z",8.3574,6.0578,9.9281,0.6034,1800.0000,0.1456,0.0183,0
"2022-03-27T21:00:00Z","2022-03-27T21:30:00Z",8.6825,6.8478,10.1951,0.4388,1800.0000,0.1445,0.0156,0
"2022-03-27T21:30:00Z","2022-03-27T22:00:00Z",8.2636,6.2577,10.4483,0.6745,1800.0000,0.1464,0.0194,0
"2022-03-27T22:00:00Z","2022-03-27T22:30:00Z",8.1473,5.7891,9.7819,0.6408,1800.0000,0.1459,0.0189,0
"2022-03-27T22:30:00Z","2022-03-27T23:00:00Z",7.4404,4.0759,9.9044,1.4405,1800.0000,0.1519,0.0283,0
"2022-03-27T23:00:00Z","2022-03-27T23:30:00Z",7.5100,4.4811,9.6838,1.1394,1800.0000,0.1496,0.0252,0
"2022-03-27T23:30:00Z","2022-03-28T00:00:00Z",6.3940,3.7413,9.3128,1.2686,1800.0000,0.1504,0.0265,0
"2022-03-28T00:00:00Z","2022-03-28T00:30:00Z",3.6663,2.2289,6.7576,1.2461,1800.0000,0.1492,0.0263,0
"2022-03-28T00:30:00Z","2022-03-28T01:00:00Z",2.8791,1.5653,6.7422,1.6380,1800.0000,0.1521,0.0302,0
"2022-03-28T01:00:00Z","2022-03-28T01:30:00Z",1.5550,1.2389,1.9040,0.0212,1800.0000,0.1377,0.0034,0
"2022-03-28T01:30:00Z","2022-03-28T02:00:00Z",1.0903,0.6408,1.7121,0.0547,1800.0000,0.1379,0.0055,0
"2022-03-28T02:00:00Z","2022-03-28T02:30:00Z",0.7897,0.4089,1.1799,0.0287,1800.0000,0.1375,0.0040,0
"2022-03-28T02:30:00Z","2022-03-28T03:00:00Z",1.2705,0.3391,3.8880,0.6446,1800.0000,0.1435,0.0189,0
"2022-03-28T03:00:00Z","2022-03-28T03:30:00Z",0.8900,0.4165,2.0809,0.0861,1800.0000,0.1383,0.0069,0
"2022-03-28T03:30:00Z","2022-03-28T04:00:00Z",0.4532,0.1022,0.9070,0.0335,1800.0000,0.1374,0.0043,0
"2022-03-28T04:00:00Z","2022-03-28T04:30:00Z",1.2335,0.2741,3.9641,0.5580,1800.0000,0.1428,0.0176,0
"2022-03-28T04:30:00Z","2022-03-28T05:00:00Z",5.2741,1.5687,7.6595,2.4968,1800.0000,0.1586,0.0372,0
"2022-03-28T05:00:00Z","2022-03-28T05:30:00Z",6.6861,5.5599,7.7170,0.2088,1800.0000,0.1417,0.0108,0
"2022-03-28T05:30:00Z","2022-03-28T06:00:00Z",6.6245,5.2300,7.6185,0.2150,1800.0000,0.1417,0.0109,0
"2022-03-28T06:00:00Z","2022-03-28T06:30:00Z",6.1369,5.2152,7.3384,0.2068,1800.0000,0.1415,0.0107,0
"2022-03-28T06:30:00Z","2022-03-28T07:00:00Z",5.3136,3.7286,7.0428,0.5589,1800.0000,0.1441,0.0176,0
"2022-03-28T07:00:00Z","2022-03-28T07:30:00Z",5.9977,4.2325,7.6295,0.6087,1800.0000,0.1447,0.0184,0
"2022-03-28T07:30:00Z","2022-03-28T08:00:00Z",5.9706,3.6222,7.6466,0.6893,1800.0000,0.1454,0.0196,0
"2022-03-28T08:00:00Z","2022-03-28T08:30:00Z",5.6351,3.7160,6.8372,0.4304,1800.0000,0.1430,0.0155,0
"2022-03-28T08:30:00Z","2022-03-28T09:00:00Z",4.4994,3.0060,6.5565,0.9075,1800.0000,0.1466,0.0225,0
"2022-03-28T09:00:00Z","2022-03-28T09:30:00Z",4.2903,2.4561,7.0335,1.3169,1800.0000,0.1498,0.0270,0
"2022-03-28T09:30:00Z","2022-03-28T10:00:00Z",3.1730,1.7189,6.7828,1.0102,1800.0000,0.1474,0.0237,0
"2022-03-28T10:00:00Z","2022-03-28T10:30:00Z",3.9565,1.4724,6.9163,1.8491,1800.0000,0.1537,0.0321,0
"2022-03-28T10:30:00Z","2022-03-28T11:00:00Z",4.5521,2.8693,5.8092,0.5445,1800.0000,0.1435,0.0174,0
"2022-03-28T11:00:00Z","2022-03-28T11:30:00Z",4.1181,2.4127,6.4949,0.9164,1800.0000,0.1466,0.0226,0
"2022-03-28T11:30:00Z","2022-03-28T12:00:00Z",4.6220,2.7135,7.2964,0.7571,1800.0000,0.1457,0.0205,0
"2022-03-28T12:00:00Z","2022-03-28T12:30:00Z",4.8167,2.3195,7.2982,1.4700,1800.0000,0.1511,0.0286,0
"2022-03-28T12:30:00Z","2022-03-28T13:00:00Z",5.2380,3.5850,6.5582,0.4556,1800.0000,0.1431,0.0159,0
"2022-03-28T13:00:00Z","2022-03-28T13:30:00Z",4.2776,2.6815,5.3050,0.2723,1800.0000,0.1412,0.0123,0
"2022-03-28T13:30:00Z","2022-03-28T14:00:00Z",3.9278,1.9988,5.4569,0.6036,1800.0000,0.1438,0.0183,0
"2022-03-28T14:00:00Z","2022-03-28T14:30:00Z",3.9462,2.5409,4.8829,0.2028,1800.0000,0.1404,0.0106,0
"2022-03-28T14:30:00Z","2022-03-28T15:00:00Z",3.2796,2.1532,4.6241,0.3810,1800.0000,0.1417,0.0145,0
"2022-03-28T15:00:00Z","2022-03-28T15:30:00Z",3.6838,2.6478,4.6946,0.2632,1800.0000,0.1408,0.0121,0
"2022-03-28T15:30:00Z","2022-03-28T16:00:00Z",4.6536,2.9553,6.6040,0.6760,1800.0000,0.1448,0.0194,0
"2022-03-28T16:00:00Z","2022-03-28T16:30:00Z",5.1297,3.1471,6.1843,0.3976,1800.0000,0.1425,0.0149,0
"2022-03-28T16:30:00Z","2022-03-28T17:00:00Z",5.1595,3.6968,7.2952,0.4510,1800.0000,0.1434,0.0158,0
"2022-03-28T17:00:00Z","2022-03-28T17:30:00Z",5.8236,4.6624,6.9812,0.3689,1800.0000,0.1426,0.0143,0
"2022-03-28T17:30:00Z","2022-03-28T18:00:00Z",5.7878,4.4696,7.1876,0.3979,1800.0000,0.1429,0.0149,0
"2022-03-28T18:00:00Z","2022-03-28T18:30:00Z",6.5986,5.1039,7.9369,0.4141,1800.0000,0.1434,0.0152,0
"2022-03-28T18:30:00Z","2022-03-28T19:00:00Z",8.3713,6.9484,10.5545,0.6118,1800.0000,0.1460,0.0184,0
"2022-03-28T19:00:00Z","2022-03-28T19:30:00Z",8.6635,7.3215,10.1271,0.3269,1800.0000,0.1436,0.0135,0
"2022-03-28T19:30:00Z","2022-03-28T20:00:00Z",8.4628,6.2760,9.5480,0.3076,1800.0000,0.1432,0.0131,0
"2022-03-28T20:00:00Z","2022-03-28T20:30:00Z",7.7694,6.1811,8.6409,0.2315,1800.0000,0.1422,0.0113,0
"2022-03-28T20:30:00Z","2022-03-28T21:00:00Z",8.2801,7.1179,9.4904,0.1632,1800.0000,0.1420,0.0095,0
"2022-03-28T21:00:00Z","2022-03-28T21:30:00Z",8.2665,6.3281,9.7568,0.3492,1800.0000,0.1436,0.0139,0
"2022-03-28T21:30:00Z","2022-03-28T22:00:00Z",8.4079,7.0104,9.9126,0.3073,1800.0000,0.1433,0.0131,0
"2022-03-28T22:00:00Z","2022-03-28T22:30:00Z",8.2454,6.0436,10.2069,0.4925,1800.0000,0.1449,0.0165,0
"2022-03-28T22:30:00Z","2022-03-28T23:00:00Z",7.7815,5.8664,9.8541,0.7680,1800.0000,0.1469,0.0207,0
"2022-03-28T23:00:00Z","2022-03-28T23:30:00Z",7.3761,5.6478,9.1119,0.4251,1800.0000,0.1439,0.0154,0
"2022-03-28T23:30:00Z","2022-03-29T00:00:00Z",7.2887,5.9323,8.8316,0.4362,1800.0000,0.1439,0.0156,0
"2022-03-29T00:00:00Z","2022-03-29T00:30:00Z",5.4676,3.6766,7.9148,1.0851,1800.0000,0.1485,0.0246,0
"2022-03-29T00:30:00Z","2022-03-29T01:00:00Z",5.3399,3.1731,8.6075,1.4749,1800.0000,0.1516,0.0286,0
"2022-03-29T01:00:00Z","2022-03-29T01:30:00Z",3.8644,2.7021,6.5313,0.5638,1800.0000,0.1439,0.0177,0
"2022-03-29T01:30:00Z","2022-03-29T02:00:00Z",3.6869,2.7753,5.8968,0.2898,1800.0000,0.1415,0.0127,0
"2022-03-29T02:00:00Z","2022-03-29T02:30:00Z",2.8576,1.6721,5.0329,0.7263,1800.0000,0.1446,0.0201,0
"2022-03-29T02:30:00Z","2022-03-29T03:00:00Z",1.8466,1.3828,2.4547,0.0773,1800.0000,0.1384,0.0066,0
"2022-03-29T03:00:00Z","2022-03-29T03:30:00Z",1.3030,0.9015,1.7606,0.0562,1800.0000,0.1379,0.0056,0
"2022-03-29T03:30:00Z","2022-03-29T04:00:00Z",0.8912,0.4876,1.1849,0.0355,1800.0000,0.1375,0.0044,0
"2022-03-29T04:00:00Z","2022-03-29T04:30:00Z",0.5651,0.3336,0.7532,0.0084,1800.0000,0.1371,0.0022,0
"2022-03-29T04:30:00Z","2022-03-29T05:00:00Z",0.5319,0.1840,1.2225,0.0536,1800.0000,0.1377,0.0055,0
"2022-03-29T05:00:00Z","2022-03-29T05:30:00Z",2.9024,0.7380,6.2727,1.2103,1800.0000,0.1487,0.0259,0
"2022-03-29T05:30:00Z","2022-03-29T06:00:00Z",4.2584,2.6994,5.7363,0.3382,1800.0000,0.1419,0.0137,0
"2022-03-29T06:00:00Z","2022-03-29T06:30:00Z",2.7223,1.5704,4.8057,0.6851,1800.0000,0.1442,0.0195,0
"2022-03-29T06:30:00Z","2022-03-29T07:00:00Z",1.8467,1.1208,3.0526,0.2358,1800.0000,0.1399,0.0114,0
"2022-03-29T07:00:00Z","2022-03-29T07:30:00Z",1.7018,0.7854,3.2002,0.3241,1800.0000,0.1407,0.0134,0
"2022-03-29T07:30:00Z","2022-03-29T08:00:00Z",0.5953,0.3195,1.0474,0.0309,1800.0000,0.1374,0.0041,0
"2022-03-29T08:00:00Z","2022-03-29T08:30:00Z",0.4400,0.1815,0.9970,0.0330,1800.0000,0.1374,0.0043,0
"2022-03-29T08:30:00Z","2022-03-29T09:00:00Z",1.7451,1.0054,2.4405,0.1288,1800.0000,0.1388,0.0085,0
"2022-03-29T09:00:00Z","2022-03-29T09:30:00Z",1.4627,0.4473,2.2588,0.3368,1800.0000,0.1404,0.0137,0
"2022-03-29T09:30:00Z","2022-03-29T10:00:00Z",1.5034,1.0185,2.0009,0.0559,1800.0000,0.1380,0.0056,0
"2022-03-29T10:00:00Z","2022-03-29T10:30:00Z",1.6328,1.1624,2.1294,0.0418,1800.0000,0.1380,0.0048,0
"2022-03-29T10:30:00Z","2022-03-29T11:00:00Z",1.8044,0.9223,2.5363,0.2077,1800.0000,0.1395,0.0107,0
"2022-03-29T11:00:00Z","2022-03-29T11:30:00Z",2.5009,1.8307,3.4749,0.2844,1800.0000,0.1405,0.0126,0
"2022-03-29T11:30:00Z","2022-03-29T12:00:00Z",1.8064,1.4416,2.0710,0.0128,1800.0000,0.1377,0.0027,0
"2022-03-29T12:00:00Z","2022-03-29T12:30:00Z",1.3870,0.6555,1.9253,0.1116,1800.0000,0.1385,0.0079,0
"2022-03-29T12:30:00Z","2022-03-29T13:00:00Z",1.2695,0.7477,1.8582,0.0948,1800.0000,0.1383,0.0073,0
"2022-03-29T13:00:00Z","2022-03-29T13:30:00Z",1.8298,1.3954,2.3893,0.0552,1800.0000,0.1382,0.0055,0
"2022-03-29T13:30:00Z","2022-03-29T14:00:00Z",1.6884,0.9841,2.5970,0.1349,1800.0000,0.1389,0.0087,0
"2022-03-29T14:00:00Z","2022-03-29T14:30:00Z",1.8810,1.3657,2.2409,0.0269,1800.0000,0.1379,0.0039,0
"2022-03-29T14:30:00Z","2022-03-29T15:00:00Z",1.4849,1.1350,2.1545,0.0338,1800.0000,0.1379,0.0043,0
"2022-03-29T15:00:00Z","2022-03-29T15:30:00Z",1.7074,1.4338,2.3444,0.0307,1800.0000,0.1380,0.0041,0
"2022-03-29T15:30:00Z","2022-03-29T16:00:00Z",2.2161,1.4785,2.7579,0.0854,1800.0000,0.1386,0.0069,0
"2022-03-29T16:00:00Z","2022-03-29T16:30:00Z",2.4234,2.0225,2.9327,0.0426,1800.0000,0.1383,0.0049,0
"2022-03-29T16:30:00Z","2022-03-29T17:00:00Z",2.4051,1.6976,2.9354,0.0628,1800.0000,0.1385,0.0059,0
"2022-03-29T17:00:00Z","2022-03-29T17:30:00Z",1.9769,1.3399,2.5407,0.0923,1800.0000,0.1386,0.0072,0
"2022-03-29T17:30:00Z","2022-03-29T18:00:00Z",1.2549,0.9797,1.8222,0.0365,1800.0000,0.1378,0.0045,0
"2022-03-29T18:00:00Z","2022-03-29T18:30:00Z",1.8396,1.3800,2.1530,0.0221,1800.0000,0.1378,0.0035,0
"2022-03-29T18:30:00Z","2022-03-29T19:00:00Z",1.6986,1.3188,2.2698,0.0442,1800.0000,0.1381,0.0050,0
"2022-03-29T19:00:00Z","2022-03-29T19:30:00Z",0.5271,0.0064,1.4536,0.1683,1800.0000,0.1387,0.0097,0
"2022-03-29T19:30:00Z","2022-03-29T20:00:00Z",2.2557,1.1931,3.3389,0.4786,1800.0000,0.1420,0.0163,0
"2022-03-29T20:00:00Z","2022-03-29T20:30:00Z",3.4633,2.9188,4.2219,0.1061,1800.0000,0.1394,0.0077,0
"2022-03-29T20:30:00Z","2022-03-29T21:00:00Z",3.4563,2.5150,4.2159,0.1181,1800.0000,0.1395,0.0081,0
"2022-03-29T21:00:00Z","2022-03-29T21:30:00Z",1.2200,0.6536,2.5555,0.3568,1800.0000,0.1407,0.0141,0
"2022-03-29T21:30:00Z","2022-03-29T22:00:00Z",1.5833,0.8247,2.2703,0.1502,1800.0000,0.1389,0.0091,0
"2022-03-29T22:00:00Z","2022-03-29T22:30:00Z",0.3041,0.0465,0.9552,0.0600,1800.0000,0.1376,0.0058,0
"2022-03-29T22:30:00Z","2022-03-29T23:00:00Z",0.4514,0.1657,0.6096,0.0094,1800.0000,0.1371,0.0023,0
"2022-03-29T23:00:00Z","2022-03-29T23:30:00Z",0.2927,0.1347,0.3773,0.0048,1800.0000,0.1369,0.0016,0
"2022-03-29T23:30:00Z","2022-03-30T00:00:00Z",0.2602,0.1265,0.3509,0.0027,1800.0000,0.1369,0.0012,0
"2022-03-30T00:00:00Z","2022-03-30T00:30:00Z",-0.1217,-0.3381,0.1491,0.0254,1800.0000,0.1370,0.0038,0
"2022-03-30T00:30:00Z","2022-03-30T01:00:00Z",-0.5996,-0.8824,-0.3128,0.0216,1800.0000,0.1368,0.0035,0
"2022-03-30T01:00:00Z","2022-03-30T01:30:00Z",-1.0525,-1.1279,-0.8351,0.0046,1800.0000,0.1364,0.0016,0
"2022-03-30T01:30:00Z","2022-03-30T02:00:00Z",-1.3180,-1.7411,-1.0747,0.0442,1800.0000,0.1367,0.0050,0
"2022-03-30T02:00:00Z","2022-03-30T02:30:00Z",-1.7122,-1.8764,-1.5834,0.0044,1800.0000,0.1361,0.0016,0
"2022-03-30T02:30:00Z","2022-03-30T03:00:00Z",-1.7898,-1.9421,-1.6592,0.0051,1800.0000,0.1361,0.0017,0
"2022-03-30T03:00:00Z","2022-03-30T03:30:00Z",-2.0022,-2.0749,-1.8912,0.0021,1800.0000,0.1360,0.0011,0
"2022-03-30T03:30:00Z","2022-03-30T04:00:00Z",-1.8661,-2.0040,-1.7259,0.0039,1800.0000,0.1361,0.0015,0
"2022-03-30T04:00:00Z","2022-03-30T04:30:00Z",-2.0370,-2.1739,-1.8895,0.0071,1800.0000,0.1360,0.0020,0
"2022-03-30T04:30:00Z","2022-03-30T05:00:00Z",-2.2852,-2.4591,-2.1420,0.0061,1800.0000,0.1359,0.0018,0
"2022-03-30T05:00:00Z","2022-03-30T05:30:00Z",-2.3614,-2.5086,-2.2516,0.0043,1800.0000,0.1358,0.0015,0
"2022-03-30T05:30:00Z","2022-03-30T06:00:00Z",-2.5385,-2.6575,-2.4271,0.0021,1800.0000,0.1357,0.0011,0
"2022-03-30T06:00:00Z","2022-03-30T06:30:00Z",-2.8890,-3.3270,-2.5736,0.0582,1800.0000,0.1361,0.0057,0
"2022-03-30T06:30:00Z","2022-03-30T07:00:00Z",-3.6750,-4.0341,-3.2393,0.0525,1800.0000,0.1358,0.0054,0
"2022-03-30T07:00:00Z","2022-03-30T07:30:00Z",-4.4764,-4.9951,-3.9626,0.0911,1800.0000,0.1358,0.0071,0
"2022-03-30T07:30:00Z","2022-03-30T08:00:00Z",-4.6683,-4.9922,-4.3525,0.0263,1800.0000,0.1351,0.0038,0
"2022-03-30T08:00:00Z","2022-03-30T08:30:00Z",-4.8011,-5.3642,-4.4432,0.0589,1800.0000,0.1354,0.0057,0
"2022-03-30T08:30:00Z","2022-03-30T09:00:00Z",-5.2377,-5.3919,-5.0792,0.0056,1800.0000,0.1347,0.0018,0
"2022-03-30T09:00:00Z","2022-03-30T09:30:00Z",-4.9137,-5.0996,-4.7276,0.0091,1800.0000,0.1348,0.0022,0
"2022-03-30T09:30:00Z","2022-03-30T10:00:00Z",-5.3271,-5.9450,-4.8419,0.0961,1800.0000,0.1355,0.0073,0
"2022-03-30T10:00:00Z","2022-03-30T10:30:00Z",-5.6716,-6.1094,-5.2999,0.0331,1800.0000,0.1348,0.0043,0
"2022-03-30T10:30:00Z","2022-03-30T11:00:00Z",-5.8850,-6.2124,-5.5964,0.0175,1800.0000,0.1345,0.0031,0
"2022-03-30T11:00:00Z","2022-03-30T11:30:00Z",-5.8277,-6.0079,-5.6064,0.0084,1800.0000,0.1345,0.0022,0
"2022-03-30T11:30:00Z","2022-03-30T12:00:00Z",-5.7525,-6.1323,-5.4387,0.0272,1800.0000,0.1347,0.0039,0
"2022-03-30T12:00:00Z","2022-03-30T12:30:00Z",-6.3008,-6.7585,-6.0591,0.0248,1800.0000,0.1344,0.0037,0
"2022-03-30T12:30:00Z","2022-03-30T13:00:00Z",-6.2018,-6.7572,-5.4095,0.0956,1800.0000,0.1353,0.0073,0
"2022-03-30T13:00:00Z","2022-03-30T13:30:00Z",-5.2033,-5.6226,-4.8762,0.0309,1800.0000,0.1349,0.0041,0
"2022-03-30T13:30:00Z","2022-03-30T14:00:00Z",-4.9824,-5.3631,-4.5516,0.0486,1800.0000,0.1352,0.0052,0
"2022-03-30T14:00:00Z","2022-03-30T14:30:00Z",-4.2909,-4.7031,-3.9929,0.0317,1800.0000,0.1353,0.0042,0
"2022-03-30T14:30:00Z","2022-03-30T15:00:00Z",-4.1938,-4.7221,-3.7113,0.0576,1800.0000,0.1357,0.0057,0
"2022-03-30T15:00:00Z","2022-03-30T15:30:00Z",-3.4452,-3.9344,-2.8970,0.0307,1800.0000,0.1358,0.0041,0
"2022-03-30T15:30:00Z","2022-03-30T16:00:00Z",-3.2430,-3.6685,-2.7544,0.0331,1800.0000,0.1359,0.0043,0
"2022-03-30T16:00:00Z","2022-03-30T16:30:00Z",-2.9661,-4.0616,-2.2864,0.2055,1800.0000,0.1375,0.0107,0
"2022-03-30T16:30:00Z","2022-03-30T17:00:00Z",-2.7437,-3.3635,-1.8340,0.0777,1800.0000,0.1366,0.0066,0
"2022-03-30T17:00:00Z","2022-03-30T17:30:00Z",-2.5956,-3.1703,-1.8334,0.0620,1800.0000,0.1365,0.0059,0
"2022-03-30T17:30:00Z","2022-03-30T18:00:00Z",-2.4554,-3.1582,-1.5137,0.1313,1800.0000,0.1372,0.0085,0
"2022-03-30T18:00:00Z","2022-03-30T18:30:00Z",-2.4856,-3.2083,-1.9237,0.0831,1800.0000,0.1366,0.0068,0
"2022-03-30T18:30:00Z","2022-03-30T19:00:00Z",-2.1913,-3.0843,-1.4990,0.1272,1800.0000,0.1372,0.0084,0
"2022-03-30T19:00:00Z","2022-03-30T19:30:00Z",-2.2815,-2.7709,-1.5076,0.0710,1800.0000,0.1367,0.0063,0
"2022-03-30T19:30:00Z","2022-03-30T20:00:00Z",-2.1095,-2.7890,-1.3567,0.0819,1800.0000,0.1368,0.0067,0
"2022-03-30T20:00:00Z","2022-03-30T20:30:00Z",-2.4697,-3.1901,-1.7591,0.1209,1240.0000,0.1374,0.0099,1
"2022-03-30T20:30:00Z","2022-03-30T21:00:00Z",-2.5164,-2.8239,-1.9115,0.0333,1800.0000,0.1362,0.0043,0
"2022-03-30T21:00:00Z","2022-03-30T21:30:00Z",-2.2400,-2.7870,-1.3599,0.2094,1800.0000,0.1379,0.0108,0
"2022-03-30T21:30:00Z","2022-03-30T22:00:00Z",-1.8829,-2.4096,-1.2484,0.1094,1800.0000,0.1371,0.0078,0
"2022-03-30T22:00:00Z","2022-03-30T22:30:00Z",-2.0865,-2.4347,-1.5709,0.0314,1800.0000,0.1363,0.0042,0
"2022-03-30T22:30:00Z","2022-03-30T23:00:00Z",-2.1638,-2.6184,-1.6146,0.0576,1800.0000,0.1365,0.0057,0
"2022-03-30T23:00:00Z","2022-03-30T23:30:00Z",-2.8082,-3.0687,-2.3012,0.0204,1800.0000,0.1359,0.0034,0
"2022-03-30T23:30:00Z","2022-03-31T00:00:00Z",-2.8564,-3.1652,-2.4727,0.0227,1800.0000,0.1359,0.0036,0
"2022-03-31T00:00:00Z","2022-03-31T00:30:00Z",-2.7602,-3.1756,-2.3743,0.0359,1800.0000,0.1360,0.0045,0
"2022-03-31T00:30:00Z","2022-03-31T01:00:00Z",-3.3383,-3.6982,-2.9364,0.0253,1800.0000,0.1357,0.0038,0
"2022-03-31T01:00:00Z","2022-03-31T01:30:00Z",-3.6331,-4.2614,-3.2332,0.0453,1800.0000,0.1358,0.0050,0
"2022-03-31T01:30:00Z","2022-03-31T02:00:00Z",-3.9886,-4.4375,-3.4980,0.0364,1800.0000,0.1356,0.0045,0
"2022-03-31T02:00:00Z","2022-03-31T02:30:00Z",-3.6593,-4.3303,-3.3456,0.0303,1800.0000,0.1356,0.0041,0
"2022-03-31T02:30:00Z","2022-03-31T03:00:00Z",-3.4712,-3.9589,-3.1521,0.0302,1800.0000,0.1357,0.0041,0
"2022-03-31T03:00:00Z","2022-03-31T03:30:00Z",-3.3096,-3.7886,-2.9284,0.0306,1800.0000,0.1358,0.0041,0
"2022-03-31T03:30:00Z","2022-03-31T04:00:00Z",-3.3880,-3.8015,-3.0693,0.0251,1800.0000,0.1357,0.0037,0
"2022-03-31T04:00:00Z","2022-03-31T04:30:00Z",-3.2687,-3.9961,-2.8691,0.0374,1800.0000,0.1358,0.0046,0
"2022-03-31T04:30:00Z","2022-03-31T05:00:00Z",-3.1704,-3.5806,-2.7764,0.0317,1800.0000,0.1358,0.0042,0
"2022-03-31T05:00:00Z","2022-03-31T05:30:00Z",-3.3365,-3.9707,-2.8974,0.0415,1800.0000,0.1359,0.0048,0
"2022-03-31T05:30:00Z","2022-03-31T06:00:00Z",-3.5560,-4.2840,-2.9677,0.0666,1800.0000,0.1360,0.0061,0
"2022-03-31T06:00:00Z","2022-03-31T06:30:00Z",-3.7223,-4.3404,-3.0440,0.0571,1800.0000,0.1359,0.0056,0
"2022-03-31T06:30:00Z","2022-03-31T07:00:00Z",-4.0825,-5.1499,-3.2161,0.1780,1800.0000,0.1368,0.0099,0
"2022-03-31T07:00:00Z","2022-03-31T07:30:00Z",-4.0987,-4.9901,-3.3281,0.1432,1800.0000,0.1365,0.0089,0
"2022-03-31T07:30:00Z","2022-03-31T08:00:00Z",-3.6828,-4.9160,-2.9160,0.2144,1800.0000,0.1373,0.0109,0
"2022-03-31T08:00:00Z","2022-03-31T08:30:00Z",-3.9164,-4.6239,-3.1207,0.1278,1800.0000,0.1365,0.0084,0
"2022-03-31T08:30:00Z","2022-03-31T09:00:00Z",-3.6439,-5.0858,-2.6140,0.5147,1800.0000,0.1398,0.0169,0
"2022-03-31T09:00:00Z","2022-03-31T09:30:00Z",-3.0846,-4.3097,-2.3863,0.1808,1800.0000,0.1372,0.0100,0
"2022-03-31T09:30:00Z","2022-03-31T10:00:00Z",-2.7164,-3.6612,-2.3026,0.0558,1800.0000,0.1362,0.0056,0
"2022-03-31T10:00:00Z","2022-03-31T10:30:00Z",-2.9765,-3.8277,-2.2117,0.1428,1800.0000,0.1370,0.0089,0
"2022-03-31T10:30:00Z","2022-03-31T11:00:00Z",-2.6482,-3.5794,-1.6689,0.2444,1800.0000,0.1380,0.0117,0
"2022-03-31T11:00:00Z","2022-03-31T11:30:00Z",-2.2144,-2.7587,-1.7831,0.0482,1800.0000,0.1364,0.0052,0
"2022-03-31T11:30:00Z","2022-03-31T12:00:00Z",-2.4577,-3.1912,-1.9446,0.0680,1800.0000,0.1365,0.0061,0
"2022-03-31T12:00:00Z","2022-03-31T12:30:00Z",-3.1183,-4.1744,-2.0470,0.3553,1800.0000,0.1388,0.0140,0
"2022-03-31T12:30:00Z","2022-03-31T13:00:00Z",-2.5557,-3.5657,-1.7628,0.1678,1800.0000,0.1374,0.0097,0
"2022-03-31T13:00:00Z","2022-03-31T13:30:00Z",-2.5973,-3.7006,-1.7039,0.1559,1800.0000,0.1373,0.0093,0
"2022-03-31T13:30:00Z","2022-03-31T14:00:00Z",-2.6320,-3.4428,-1.9864,0.1371,1800.0000,0.1370,0.0087,0
"2022-03-31T14:00:00Z","2022-03-31T14:30:00Z",-0.6963,-2.4087,0.8112,0.7503,1800.0000,0.1430,0.0204,0
"2022-03-31T14:30:00Z","2022-03-31T15:00:00Z",0.6701,-0.6511,1.7208,0.2053,1800.0000,0.1391,0.0107,0
"2022-03-31T15:00:00Z","2022-03-31T15:30:00Z",1.6731,0.6058,2.7838,0.2085,1800.0000,0.1396,0.0108,0
"2022-03-31T15:30:00Z","2022-03-31T16:00:00Z",2.3360,1.6025,3.2141,0.1236,1800.0000,0.1391,0.0083,0
"2022-03-31T16:00:00Z","2022-03-31T16:30:00Z",2.9685,2.1726,3.4834,0.0527,1800.0000,0.1386,0.0054,0
"2022-03-31T16:30:00Z","2022-03-31T17:00:00Z",3.4266,2.7913,3.9744,0.0587,1800.0000,0.1389,0.0057,0
"2022-03-31T17:00:00Z","2022-03-31T17:30:00Z",3.8130,2.9804,4.6635,0.1173,1800.0000,0.1397,0.0081,0
"2022-03-31T17:30:00Z","2022-03-31T18:00:00Z",4.3176,3.6364,5.1978,0.1046,1800.0000,0.1398,0.0076,0
"2022-03-31T18:00:00Z","2022-03-31T18:30:00Z",4.2840,3.8317,4.8216,0.0455,1800.0000,0.1392,0.0050,0
"2022-03-31T18:30:00Z","2022-03-31T19:00:00Z",4.6388,3.9584,5.3678,0.0925,1800.0000,0.1398,0.0072,0
"2022-03-31T19:00:00Z","2022-03-31T19:30:00Z",4.6327,3.8540,5.3245,0.0820,1800.0000,0.1397,0.0067,0
"2022-03-31T19:30:00Z","2022-03-31T20:00:00Z",4.7393,3.9263,5.7877,0.1115,1800.0000,0.1401,0.0079,0
"2022-03-31T20:00:00Z","2022-03-31T20:30:00Z",4.0987,3.4603,4.9504,0.1069,1800.0000,0.1397,0.0077,0
"2022-03-31T20:30:00Z","2022-03-31T21:00:00Z",3.6650,2.9103,4.3784,0.0856,1800.0000,0.1393,0.0069,0
"2022-03-31T21:00:00Z","2022-03-31T21:30:00Z",4.4713,3.3700,5.4821,0.1576,1800.0000,0.1403,0.0094,0
"2022-03-31T21:30:00Z","2022-03-31T22:00:00Z",3.7703,2.8650,4.7358,0.1480,1800.0000,0.1399,0.0091,0
"2022-03-31T22:00:00Z","2022-03-31T22:30:00Z",4.0465,2.7323,5.3329,0.2827,1800.0000,0.1412,0.0125,0
"2022-03-31T22:30:00Z","2022-03-31T23:00:00Z",4.3426,3.3138,5.3067,0.1869,1800.0000,0.1405,0.0102,0
"2022-03-31T23:00:00Z","2022-03-31T23:30:00Z",3.8596,2.8393,4.6986,0.1390,1800.0000,0.1398,0.0088,0
"2022-03-31T23:30:00Z","2022-04-01T00:00:00Z",3.1841,2.2047,3.9075,0.1304,1800.0000,0.1394,0.0085,0
